-10 8389.7878
-9.99 8392.7635
-9.98 8395.3544
-9.97 8397.559
-9.96 8399.3755
-9.95 8400.8024
-9.94 8401.8382
-9.93 8402.4813
-9.92 8402.7302
-9.91 8402.5835
-9.9 8402.0397
-9.89 8401.0974
-9.88 8399.7553
-9.87 8398.0121
-9.86 8395.8665
-9.85 8393.3171
-9.84 8390.3628
-9.83 8387.0025
-9.82 8383.2349
-9.81 8379.0589
-9.8 8374.4735
-9.79 8369.4777
-9.78 8364.0704
-9.77 8358.2506
-9.76 8352.0176
-9.75 8345.3703
-9.74 8338.3079
-9.73 8330.8297
-9.72 8322.9349
-9.71 8314.6227
-9.7 8305.8926
-9.69 8296.7437
-9.68 8287.1757
-9.67 8277.1878
-9.66 8266.7797
-9.65 8255.9508
-9.64 8244.7007
-9.63 8233.0291
-9.62 8220.9356
-9.61 8208.4199
-9.6 8195.4819
-9.59 8182.1213
-9.58 8168.3379
-9.57 8154.1317
-9.56 8139.5026
-9.55 8124.4507
-9.54 8108.9759
-9.53 8093.0783
-9.52 8076.7582
-9.51 8060.0156
-9.5 8042.8509
-9.49 8025.2643
-9.48 8007.2561
-9.47 7988.8268
-9.46 7969.9768
-9.45 7950.7066
-9.44 7931.0167
-9.43 7910.9077
-9.42 7890.3804
-9.41 7869.4353
-9.4 7848.0732
-9.39 7826.295
-9.38 7804.1016
-9.37 7781.4937
-9.36 7758.4725
-9.35 7735.0389
-9.34 7711.194
-9.33 7686.939
-9.32 7662.275
-9.31 7637.2033
-9.3 7611.7252
-9.29 7585.8421
-9.28 7559.5553
-9.27 7532.8664
-9.26 7505.7769
-9.25 7478.2884
-9.24 7450.4025
-9.23 7422.1209
-9.22 7393.4455
-9.21 7364.378
-9.2 7334.9202
-9.19 7305.0743
-9.18 7274.8421
-9.17 7244.2257
-9.16 7213.2272
-9.15 7181.8489
-9.14 7150.0929
-9.13 7117.9616
-9.12 7085.4573
-9.11 7052.5825
-9.1 7019.3396
-9.09 6985.7312
-9.08 6951.7599
-9.07 6917.4284
-9.06 6882.7393
-9.05 6847.6955
-9.04 6812.2999
-9.03 6776.5553
-9.02 6740.4647
-9.01 6704.0313
-9 6667.258
-8.99 6630.148
-8.98 6592.7047
-8.97 6554.9312
-8.96 6516.8309
-8.95 6478.4072
-8.94 6439.6637
-8.93 6400.6038
-8.92 6361.2313
-8.91 6321.5496
-8.9 6281.5626
-8.89 6241.2741
-8.88 6200.6879
-8.87 6159.808
-8.86 6118.6383
-8.85 6077.1828
-8.84 6035.4458
-8.83 5993.4313
-8.82 5951.1436
-8.81 5908.587
-8.8 5865.7659
-8.79 5822.6847
-8.78 5779.3478
-8.77 5735.7598
-8.76 5691.9254
-8.75 5647.8492
-8.74 5603.536
-8.73 5558.9905
-8.72 5514.2176
-8.71 5469.2222
-8.7 5424.0093
-8.69 5378.584
-8.68 5332.9514
-8.67 5287.1166
-8.66 5241.0848
-8.65 5194.8614
-8.64 5148.4517
-8.63 5101.8611
-8.62 5055.095
-8.61 5008.159
-8.6 4961.0588
-8.59 4913.7998
-8.58 4866.3879
-8.57 4818.8288
-8.56 4771.1283
-8.55 4723.2923
-8.54 4675.3267
-8.53 4627.2375
-8.52 4579.0308
-8.51 4530.7127
-8.5 4482.2893
-8.49 4433.7668
-8.48 4385.1516
-8.47 4336.4499
-8.46 4287.6681
-8.45 4238.8126
-8.44 4189.89
-8.43 4140.9068
-8.42 4091.8695
-8.41 4042.7848
-8.4 3993.6594
-8.39 3944.5
-8.38 3895.3135
-8.37 3846.1066
-8.36 3796.8862
-8.35 3747.6593
-8.34 3698.433
-8.33 3649.2141
-8.32 3600.0097
-8.31 3550.8271
-8.3 3501.6734
-8.29 3452.5557
-8.28 3403.4814
-8.27 3354.4577
-8.26 3305.492
-8.25 3256.5916
-8.24 3207.764
-8.23 3159.0167
-8.22 3110.3571
-8.21 3061.7928
-8.2 3013.3313
-8.19 2964.9803
-8.18 2916.7474
-8.17 2868.6404
-8.16 2820.6668
-8.15 2772.8346
-8.14 2725.1514
-8.13 2677.6251
-8.12 2630.2635
-8.11 2583.0745
-8.1 2536.066
-8.09 2489.246
-8.08 2442.6223
-8.07 2396.2031
-8.06 2349.9962
-8.05 2304.0098
-8.04 2258.2519
-8.03 2212.7305
-8.02 2167.4539
-8.01 2122.43
-8 2077.667
-7.99 2033.1732
-7.98 1988.9566
-7.97 1945.0255
-7.96 1901.388
-7.95 1858.0524
-7.94 1815.027
-7.93 1772.3199
-7.92 1729.9393
-7.91 1687.8937
-7.9 1646.1911
-7.89 1604.84
-7.88 1563.8485
-7.87 1523.225
-7.86 1482.9778
-7.85 1443.1151
-7.84 1403.6452
-7.83 1364.5764
-7.82 1325.917
-7.81 1287.6752
-7.8 1249.8594
-7.79 1212.4778
-7.78 1175.5387
-7.77 1139.0502
-7.76 1103.0208
-7.75 1067.4585
-7.74 1032.3716
-7.73 997.76833
-7.72 963.65684
-7.71 930.04531
-7.7 896.94188
-7.69 864.35469
-7.68 832.29183
-7.67 800.7614
-7.66 769.77146
-7.65 739.33004
-7.64 709.44514
-7.63 680.12474
-7.62 651.3768
-7.61 623.20922
-7.6 595.6299
-7.59 568.64667
-7.58 542.26734
-7.57 516.4997
-7.56 491.35146
-7.55 466.83034
-7.54 442.94396
-7.53 419.69995
-7.52 397.10586
-7.51 375.1692
-7.5 353.89743
-7.49 333.29798
-7.48 313.37819
-7.47 294.14538
-7.46 275.60681
-7.45 257.76965
-7.44 240.64106
-7.43 224.22811
-7.42 208.53781
-7.41 193.57711
-7.4 179.35291
-7.39 165.87202
-7.38 153.14118
-7.37 141.1671
-7.36 129.95637
-7.35 119.51553
-7.34 109.85104
-7.33 100.96929
-7.32 92.876591
-7.31 85.579164
-7.3 79.083157
-7.29 73.394633
-7.28 68.519571
-7.27 64.463861
-7.26 61.233308
-7.25 58.833625
-7.24 57.270436
-7.23 56.549268
-7.22 56.675557
-7.21 57.654641
-7.2 59.49176
-7.19 62.192054
-7.18 65.760563
-7.17 70.202223
-7.16 75.521866
-7.15 81.724216
-7.14 88.813891
-7.13 96.795399
-7.12 105.67314
-7.11 115.45139
-7.1 126.13432
-7.09 137.726
-7.08 150.23034
-7.07 163.65118
-7.06 177.9922
-7.05 193.25698
-7.04 209.44898
-7.03 226.57151
-7.02 244.62777
-7.01 263.62083
-7 283.55364
-6.99 304.42899
-6.98 326.24957
-6.97 349.01791
-6.96 372.73641
-6.95 397.40735
-6.94 423.03284
-6.93 449.61488
-6.92 477.15531
-6.91 505.65583
-6.9 535.118
-6.89 565.54322
-6.88 596.93277
-6.87 629.28775
-6.86 662.60912
-6.85 696.89771
-6.84 732.15415
-6.83 768.37897
-6.82 805.57251
-6.81 843.73496
-6.8 882.86636
-6.79 922.96657
-6.78 964.03532
-6.77 1006.0722
-6.76 1049.0765
-6.75 1093.0475
-6.74 1137.9842
-6.73 1183.8856
-6.72 1230.7504
-6.71 1278.5772
-6.7 1327.3642
-6.69 1377.1098
-6.68 1427.812
-6.67 1479.4686
-6.66 1532.0774
-6.65 1585.6358
-6.64 1640.1413
-6.63 1695.591
-6.62 1751.9819
-6.61 1809.3108
-6.6 1867.5743
-6.59 1926.769
-6.58 1986.891
-6.57 2047.9366
-6.56 2109.9015
-6.55 2172.7816
-6.54 2236.5723
-6.53 2301.2691
-6.52 2366.8672
-6.51 2433.3615
-6.5 2500.7468
-6.49 2569.0178
-6.48 2638.1689
-6.47 2708.1943
-6.46 2779.0882
-6.45 2850.8444
-6.44 2923.4566
-6.43 2996.9183
-6.42 3071.2228
-6.41 3146.3632
-6.4 3222.3325
-6.39 3299.1235
-6.38 3376.7286
-6.37 3455.1403
-6.36 3534.3507
-6.35 3614.3518
-6.34 3695.1355
-6.33 3776.6933
-6.32 3859.0167
-6.31 3942.0969
-6.3 4025.9249
-6.29 4110.4917
-6.28 4195.7878
-6.27 4281.8039
-6.26 4368.53
-6.25 4455.9565
-6.24 4544.0732
-6.23 4632.8697
-6.22 4722.3358
-6.21 4812.4607
-6.2 4903.2337
-6.19 4994.6437
-6.18 5086.6796
-6.17 5179.3299
-6.16 5272.5832
-6.15 5366.4276
-6.14 5460.8514
-6.13 5555.8423
-6.12 5651.3882
-6.11 5747.4766
-6.1 5844.0949
-6.09 5941.2303
-6.08 6038.8697
-6.07 6137.0002
-6.06 6235.6083
-6.05 6334.6805
-6.04 6434.2033
-6.03 6534.1628
-6.02 6634.5451
-6.01 6735.3359
-6 6836.5209
-5.99 6938.0858
-5.98 7040.0157
-5.97 7142.2961
-5.96 7244.9118
-5.95 7347.8479
-5.94 7451.089
-5.93 7554.6197
-5.92 7658.4245
-5.91 7762.4877
-5.9 7866.7934
-5.89 7971.3257
-5.88 8076.0683
-5.87 8181.005
-5.86 8286.1194
-5.85 8391.395
-5.84 8496.8151
-5.83 8602.3628
-5.82 8708.0212
-5.81 8813.7733
-5.8 8919.6018
-5.79 9025.4895
-5.78 9131.419
-5.77 9237.3726
-5.76 9343.3328
-5.75 9449.2817
-5.74 9555.2015
-5.73 9661.0742
-5.72 9766.8818
-5.71 9872.606
-5.7 9978.2286
-5.69 10083.731
-5.68 10189.095
-5.67 10294.303
-5.66 10399.334
-5.65 10504.171
-5.64 10608.795
-5.63 10713.188
-5.62 10817.329
-5.61 10921.2
-5.6 11024.782
-5.59 11128.057
-5.58 11231.004
-5.57 11333.604
-5.56 11435.839
-5.55 11537.688
-5.54 11639.133
-5.53 11740.154
-5.52 11840.732
-5.51 11940.847
-5.5 12040.479
-5.49 12139.609
-5.48 12238.218
-5.47 12336.286
-5.46 12433.794
-5.45 12530.721
-5.44 12627.048
-5.43 12722.756
-5.42 12817.824
-5.41 12912.234
-5.4 13005.966
-5.39 13099.001
-5.38 13191.317
-5.37 13282.897
-5.36 13373.721
-5.35 13463.769
-5.34 13553.022
-5.33 13641.46
-5.32 13729.065
-5.31 13815.816
-5.3 13901.695
-5.29 13986.682
-5.28 14070.759
-5.27 14153.906
-5.26 14236.104
-5.25 14317.335
-5.24 14397.58
-5.23 14476.82
-5.22 14555.036
-5.21 14632.21
-5.2 14708.324
-5.19 14783.358
-5.18 14857.296
-5.17 14930.118
-5.16 15001.808
-5.15 15072.346
-5.14 15141.716
-5.13 15209.9
-5.12 15276.88
-5.11 15342.64
-5.1 15407.161
-5.09 15470.427
-5.08 15532.421
-5.07 15593.127
-5.06 15652.528
-5.05 15710.608
-5.04 15767.35
-5.03 15822.739
-5.02 15876.759
-5.01 15929.394
-5 15980.629
-4.99 16030.448
-4.98 16078.838
-4.97 16125.783
-4.96 16171.268
-4.95 16215.279
-4.94 16257.803
-4.93 16298.825
-4.92 16338.332
-4.91 16376.31
-4.9 16412.746
-4.89 16447.628
-4.88 16480.942
-4.87 16512.677
-4.86 16542.82
-4.85 16571.36
-4.84 16598.285
-4.83 16623.584
-4.82 16647.246
-4.81 16669.26
-4.8 16689.615
-4.79 16708.303
-4.78 16725.312
-4.77 16740.634
-4.76 16754.259
-4.75 16766.179
-4.74 16776.384
-4.73 16784.868
-4.72 16791.621
-4.71 16796.637
-4.7 16799.908
-4.69 16801.428
-4.68 16801.189
-4.67 16799.187
-4.66 16795.414
-4.65 16789.866
-4.64 16782.537
-4.63 16773.424
-4.62 16762.521
-4.61 16749.824
-4.6 16735.331
-4.59 16719.037
-4.58 16700.941
-4.57 16681.039
-4.56 16659.33
-4.55 16635.812
-4.54 16610.484
-4.53 16583.345
-4.52 16554.394
-4.51 16523.633
-4.5 16491.06
-4.49 16456.678
-4.48 16420.486
-4.47 16382.488
-4.46 16342.685
-4.45 16301.079
-4.44 16257.674
-4.43 16212.473
-4.42 16165.48
-4.41 16116.699
-4.4 16066.135
-4.39 16013.794
-4.38 15959.68
-4.37 15903.8
-4.36 15846.16
-4.35 15786.767
-4.34 15725.63
-4.33 15662.755
-4.32 15598.151
-4.31 15531.827
-4.3 15463.792
-4.29 15394.056
-4.28 15322.629
-4.27 15249.522
-4.26 15174.746
-4.25 15098.313
-4.24 15020.234
-4.23 14940.522
-4.22 14859.19
-4.21 14776.252
-4.2 14691.721
-4.19 14605.613
-4.18 14517.942
-4.17 14428.723
-4.16 14337.972
-4.15 14245.705
-4.14 14151.94
-4.13 14056.694
-4.12 13959.983
-4.11 13861.828
-4.1 13762.245
-4.09 13661.255
-4.08 13558.877
-4.07 13455.131
-4.06 13350.037
-4.05 13243.617
-4.04 13135.892
-4.03 13026.885
-4.02 12916.617
-4.01 12805.111
-4 12692.39
-3.99 12578.48
-3.98 12463.403
-3.97 12347.184
-3.96 12229.849
-3.95 12111.423
-3.94 11991.932
-3.93 11871.403
-3.92 11749.862
-3.91 11627.337
-3.9 11503.856
-3.89 11379.446
-3.88 11254.137
-3.87 11127.958
-3.86 11000.937
-3.85 10873.106
-3.84 10744.493
-3.83 10615.131
-3.82 10485.049
-3.81 10354.28
-3.8 10222.855
-3.79 10090.807
-3.78 9958.1684
-3.77 9824.9721
-3.76 9691.2516
-3.75 9557.0408
-3.74 9422.3737
-3.73 9287.2849
-3.72 9151.8093
-3.71 9015.9821
-3.7 8879.8389
-3.69 8743.4155
-3.68 8606.7482
-3.67 8469.8736
-3.66 8332.8284
-3.65 8195.65
-3.64 8058.3757
-3.63 7921.0434
-3.62 7783.6912
-3.61 7646.3573
-3.6 7509.0805
-3.59 7371.8996
-3.58 7234.8539
-3.57 7097.9826
-3.56 6961.3256
-3.55 6824.9227
-3.54 6688.8141
-3.53 6553.0401
-3.52 6417.6414
-3.51 6282.6587
-3.5 6148.1329
-3.49 6014.1054
-3.48 5880.6175
-3.47 5747.7106
-3.46 5615.4266
-3.45 5483.8072
-3.44 5352.8945
-3.43 5222.7307
-3.42 5093.358
-3.41 4964.8187
-3.4 4837.1556
-3.39 4710.411
-3.38 4584.6278
-3.37 4459.8487
-3.36 4336.1167
-3.35 4213.4745
-3.34 4091.9652
-3.33 3971.6317
-3.32 3852.5173
-3.31 3734.6648
-3.3 3618.1174
-3.29 3502.9181
-3.28 3389.1101
-3.27 3276.7364
-3.26 3165.84
-3.25 3056.4639
-3.24 2948.651
-3.23 2842.4442
-3.22 2737.8862
-3.21 2635.0198
-3.2 2533.8876
-3.19 2434.5321
-3.18 2336.9957
-3.17 2241.3205
-3.16 2147.5488
-3.15 2055.7225
-3.14 1965.8833
-3.13 1878.073
-3.12 1792.3329
-3.11 1708.7043
-3.1 1627.2281
-3.09 1547.9453
-3.08 1470.8963
-3.07 1396.1215
-3.06 1323.661
-3.05 1253.5545
-3.04 1185.8416
-3.03 1120.5615
-3.02 1057.7531
-3.01 997.455
-3 939.70552
-2.99 884.54257
-2.98 832.00375
-2.97 782.12627
-2.96 734.94699
-2.95 690.50235
-2.94 648.82843
-2.93 609.96087
-2.92 573.9349
-2.91 540.78531
-2.9 510.54646
-2.89 483.25222
-2.88 458.93602
-2.87 437.63079
-2.86 419.36898
-2.85 404.18253
-2.84 392.10285
-2.83 383.16085
-2.82 377.38687
-2.81 374.81073
-2.8 375.46166
-2.79 379.36832
-2.78 386.55881
-2.77 397.0606
-2.76 410.90058
-2.75 428.10501
-2.74 448.6995
-2.73 472.70906
-2.72 500.15802
-2.71 531.07006
-2.7 565.46817
-2.69 603.37468
-2.68 644.81121
-2.67 689.79869
-2.66 738.35731
-2.65 790.50657
-2.64 846.26519
-2.63 905.6512
-2.62 968.68182
-2.61 1035.3736
-2.6 1105.7421
-2.59 1179.8024
-2.58 1257.5685
-2.57 1339.0538
-2.56 1424.2709
-2.55 1513.2314
-2.54 1605.9461
-2.53 1702.4251
-2.52 1802.6777
-2.51 1906.712
-2.5 2014.5357
-2.49 2126.1552
-2.48 2241.5764
-2.47 2360.8039
-2.46 2483.8419
-2.45 2610.6933
-2.44 2741.3602
-2.43 2875.8439
-2.42 3014.1447
-2.41 3156.2619
-2.4 3302.1939
-2.39 3451.9383
-2.38 3605.4916
-2.37 3762.8493
-2.36 3924.0062
-2.35 4088.9558
-2.34 4257.6909
-2.33 4430.2033
-2.32 4606.4835
-2.31 4786.5215
-2.3 4970.306
-2.29 5157.8248
-2.28 5349.0647
-2.27 5544.0114
-2.26 5742.6498
-2.25 5944.9637
-2.24 6150.9357
-2.23 6360.5478
-2.22 6573.7806
-2.21 6790.6139
-2.2 7011.0264
-2.19 7234.9958
-2.18 7462.4988
-2.17 7693.5111
-2.16 7928.0072
-2.15 8165.9609
-2.14 8407.3447
-2.13 8652.1302
-2.12 8900.2879
-2.11 9151.7873
-2.1 9406.5971
-2.09 9664.6845
-2.08 9926.0162
-2.07 10190.558
-2.06 10458.273
-2.05 10729.126
-2.04 11003.079
-2.03 11280.093
-2.02 11560.129
-2.01 11843.146
-2 12129.102
-1.99 12417.955
-1.98 12709.662
-1.97 13004.177
-1.96 13301.456
-1.95 13601.451
-1.94 13904.115
-1.93 14209.4
-1.92 14517.256
-1.91 14827.633
-1.9 15140.479
-1.89 15455.742
-1.88 15773.37
-1.87 16093.307
-1.86 16415.499
-1.85 16739.89
-1.84 17066.422
-1.83 17395.039
-1.82 17725.682
-1.81 18058.291
-1.8 18392.805
-1.79 18729.164
-1.78 19067.305
-1.77 19407.165
-1.76 19748.682
-1.75 20091.789
-1.74 20436.422
-1.73 20782.515
-1.72 21130.001
-1.71 21478.811
-1.7 21828.878
-1.69 22180.133
-1.68 22532.505
-1.67 22885.924
-1.66 23240.319
-1.65 23595.617
-1.64 23951.746
-1.63 24308.632
-1.62 24666.202
-1.61 25024.381
-1.6 25383.094
-1.59 25742.264
-1.58 26101.816
-1.57 26461.672
-1.56 26821.755
-1.55 27181.988
-1.54 27542.29
-1.53 27902.584
-1.52 28262.79
-1.51 28622.827
-1.5 28982.615
-1.49 29342.074
-1.48 29701.122
-1.47 30059.677
-1.46 30417.658
-1.45 30774.982
-1.44 31131.566
-1.43 31487.327
-1.42 31842.182
-1.41 32196.048
-1.4 32548.839
-1.39 32900.474
-1.38 33250.866
-1.37 33599.932
-1.36 33947.586
-1.35 34293.745
-1.34 34638.323
-1.33 34981.235
-1.32 35322.397
-1.31 35661.722
-1.3 35999.126
-1.29 36334.523
-1.28 36667.829
-1.27 36998.958
-1.26 37327.824
-1.25 37654.344
-1.24 37978.432
-1.23 38300.003
-1.22 38618.973
-1.21 38935.257
-1.2 39248.771
-1.19 39559.43
-1.18 39867.151
-1.17 40171.851
-1.16 40473.446
-1.15 40771.853
-1.14 41066.989
-1.13 41358.773
-1.12 41647.122
-1.11 41931.956
-1.1 42213.192
-1.09 42490.751
-1.08 42764.553
-1.07 43034.517
-1.06 43300.566
-1.05 43562.62
-1.04 43820.603
-1.03 44074.436
-1.02 44324.043
-1.01 44569.348
-1 44810.277
-0.99 45046.754
-0.98 45278.707
-0.97 45506.061
-0.96 45728.745
-0.95 45946.688
-0.94 46159.819
-0.93 46368.069
-0.92 46571.368
-0.91 46769.649
-0.9 46962.846
-0.89 47150.892
-0.88 47333.722
-0.87 47511.274
-0.86 47683.483
-0.85 47850.288
-0.84 48011.629
-0.83 48167.446
-0.82 48317.68
-0.81 48462.275
-0.8 48601.175
-0.79 48734.325
-0.78 48861.671
-0.77 48983.161
-0.76 49098.744
-0.75 49208.371
-0.74 49311.993
-0.73 49409.563
-0.72 49501.037
-0.71 49586.368
-0.7 49665.516
-0.69 49738.439
-0.68 49805.096
-0.67 49865.451
-0.66 49919.465
-0.65 49967.104
-0.64 50008.334
-0.63 50043.123
-0.62 50071.441
-0.61 50093.259
-0.6 50108.549
-0.59 50117.287
-0.58 50119.448
-0.57 50115.011
-0.56 50103.954
-0.55 50086.26
-0.54 50061.912
-0.53 50030.894
-0.52 49993.193
-0.51 49948.798
-0.5 49897.7
-0.49 49839.89
-0.48 49775.363
-0.47 49704.115
-0.46 49626.143
-0.45 49541.448
-0.44 49450.031
-0.43 49351.897
-0.42 49247.051
-0.41 49135.501
-0.4 49017.256
-0.39 48892.328
-0.38 48760.732
-0.37 48622.482
-0.36 48477.598
-0.35 48326.098
-0.34 48168.005
-0.33 48003.343
-0.32 47832.139
-0.31 47654.42
-0.3 47470.217
-0.29 47279.562
-0.28 47082.492
-0.27 46879.041
-0.26 46669.25
-0.25 46453.16
-0.24 46230.814
-0.23 46002.257
-0.22 45767.539
-0.21 45526.707
-0.2 45279.816
-0.19 45026.918
-0.18 44768.072
-0.17 44503.335
-0.16 44232.769
-0.15 43956.437
-0.14 43674.404
-0.13 43386.739
-0.12 43093.511
-0.11 42794.793
-0.1 42490.659
-0.09 42181.186
-0.08 41866.452
-0.07 41546.54
-0.06 41221.532
-0.05 40891.514
-0.04 40556.574
-0.03 40216.803
-0.02 39872.292
-0.01 39523.136
-1.6888921e-13 39169.432
0.01 38811.279
0.02 38448.778
0.03 38082.033
0.04 37711.149
0.05 37336.235
0.06 36957.4
0.07 36574.757
0.08 36188.42
0.09 35798.505
0.1 35405.131
0.11 35008.42
0.12 34608.494
0.13 34205.478
0.14 33799.499
0.15 33390.688
0.16 32979.174
0.17 32565.093
0.18 32148.579
0.19 31729.77
0.2 31308.805
0.21 30885.827
0.22 30460.979
0.23 30034.407
0.24 29606.257
0.25 29176.681
0.26 28745.83
0.27 28313.856
0.28 27880.915
0.29 27447.165
0.3 27012.765
0.31 26577.875
0.32 26142.658
0.33 25707.28
0.34 25271.905
0.35 24836.703
0.36 24401.843
0.37 23967.497
0.38 23533.838
0.39 23101.04
0.4 22669.281
0.41 22238.739
0.42 21809.593
0.43 21382.024
0.44 20956.216
0.45 20532.353
0.46 20110.62
0.47 19691.206
0.48 19274.298
0.49 18860.087
0.5 18448.764
0.51 18040.523
0.52 17635.556
0.53 17234.061
0.54 16836.233
0.55 16442.271
0.56 16052.373
0.57 15666.74
0.58 15285.573
0.59 14909.074
0.6 14537.448
0.61 14170.898
0.62 13809.631
0.63 13453.852
0.64 13103.77
0.65 12759.592
0.66 12421.527
0.67 12089.787
0.68 11764.581
0.69 11446.121
0.7 11134.619
0.71 10830.288
0.72 10533.342
0.73 10243.995
0.74 9962.4609
0.75 9688.956
0.76 9423.6956
0.77 9166.8959
0.78 8918.7735
0.79 8679.5452
0.8 8449.4285
0.81 8228.6408
0.82 8017.4
0.83 7815.9241
0.84 7624.4315
0.85 7443.1403
0.86 7272.2691
0.87 7112.0363
0.88 6962.6604
0.89 6824.36
0.9 6697.3535
0.91 6581.859
0.92 6478.0949
0.93 6386.279
0.94 6306.6291
0.95 6239.3625
0.96 6184.6965
0.97 6142.8477
0.98 6114.0326
0.99 6098.467
1 6096.3664
1.01 6107.9457
1.02 6133.4193
1.03 6173.0008
1.04 6226.9032
1.05 6295.3391
1.06 6378.52
1.07 6476.6567
1.08 6589.9593
1.09 6718.6369
1.1 6862.8978
1.11 7022.9493
1.12 7198.9977
1.13 7391.2483
1.14 7599.9052
1.15 7825.1716
1.16 8067.2494
1.17 8326.3392
1.18 8602.6406
1.19 8896.3517
1.2 9207.6695
1.21 9536.7893
1.22 9883.9053
1.23 10249.21
1.24 10632.895
1.25 11035.149
1.26 11456.161
1.27 11896.117
1.28 12355.202
1.29 12833.599
1.3 13331.488
1.31 13849.051
1.32 14386.464
1.33 14943.904
1.34 15521.544
1.35 16119.557
1.36 16738.112
1.37 17377.378
1.38 18037.521
1.39 18718.705
1.4 19421.091
1.41 20144.84
1.42 20890.109
1.43 21657.053
1.44 22445.825
1.45 23256.576
1.46 24089.455
1.47 24944.607
1.48 25822.176
1.49 26722.303
1.5 27645.127
1.51 28590.784
1.52 29559.408
1.53 30551.13
1.54 31566.077
1.55 32604.377
1.56 33666.152
1.57 34751.523
1.58 35860.607
1.59 36993.52
1.6 38150.373
1.61 39331.276
1.62 40536.335
1.63 41765.654
1.64 43019.334
1.65 44297.473
1.66 45600.164
1.67 46927.501
1.68 48279.572
1.69 49656.462
1.7 51058.255
1.71 52485.03
1.72 53936.863
1.73 55413.828
1.74 56915.995
1.75 58443.431
1.76 59996.2
1.77 61574.362
1.78 63177.975
1.79 64807.093
1.8 66461.766
1.81 68142.043
1.82 69847.966
1.83 71579.578
1.84 73336.914
1.85 75120.011
1.86 76928.897
1.87 78763.6
1.88 80624.145
1.89 82510.551
1.9 84422.836
1.91 86361.012
1.92 88325.09
1.93 90315.077
1.94 92330.974
1.95 94372.783
1.96 96440.498
1.97 98534.112
1.98 100653.61
1.99 102798.99
2 104970.22
2.01 107167.28
2.02 109390.15
2.03 111638.8
2.04 113913.19
2.05 116213.3
2.06 118539.07
2.07 120890.47
2.08 123267.45
2.09 125669.96
2.1 128097.95
2.11 130551.35
2.12 133030.1
2.13 135534.15
2.14 138063.42
2.15 140617.84
2.16 143197.33
2.17 145801.81
2.18 148431.21
2.19 151085.43
2.2 153764.38
2.21 156467.98
2.22 159196.12
2.23 161948.7
2.24 164725.61
2.25 167526.76
2.26 170352.02
2.27 173201.29
2.28 176074.44
2.29 178971.35
2.3 181891.89
2.31 184835.95
2.32 187803.37
2.33 190794.03
2.34 193807.79
2.35 196844.51
2.36 199904.03
2.37 202986.21
2.38 206090.89
2.39 209217.92
2.4 212367.14
2.41 215538.38
2.42 218731.48
2.43 221946.27
2.44 225182.57
2.45 228440.2
2.46 231718.99
2.47 235018.76
2.48 238339.31
2.49 241680.46
2.5 245042.01
2.51 248423.77
2.52 251825.54
2.53 255247.12
2.54 258688.3
2.55 262148.87
2.56 265628.63
2.57 269127.35
2.58 272644.83
2.59 276180.83
2.6 279735.14
2.61 283307.53
2.62 286897.77
2.63 290505.64
2.64 294130.89
2.65 297773.29
2.66 301432.59
2.67 305108.56
2.68 308800.95
2.69 312509.52
2.7 316234
2.71 319974.15
2.72 323729.72
2.73 327500.43
2.74 331286.04
2.75 335086.28
2.76 338900.89
2.77 342729.59
2.78 346572.11
2.79 350428.19
2.8 354297.54
2.81 358179.89
2.82 362074.97
2.83 365982.48
2.84 369902.15
2.85 373833.69
2.86 377776.81
2.87 381731.22
2.88 385696.63
2.89 389672.74
2.9 393659.27
2.91 397655.91
2.92 401662.36
2.93 405678.33
2.94 409703.5
2.95 413737.58
2.96 417780.26
2.97 421831.23
2.98 425890.18
2.99 429956.8
3 434030.78
3.01 438111.81
3.02 442199.56
3.03 446293.73
3.04 450393.99
3.05 454500.03
3.06 458611.52
3.07 462728.15
3.08 466849.59
3.09 470975.52
3.1 475105.61
3.11 479239.53
3.12 483376.97
3.13 487517.59
3.14 491661.06
3.15 495807.05
3.16 499955.24
3.17 504105.3
3.18 508256.88
3.19 512409.67
3.2 516563.32
3.21 520717.5
3.22 524871.88
3.23 529026.12
3.24 533179.9
3.25 537332.87
3.26 541484.69
3.27 545635.04
3.28 549783.58
3.29 553929.96
3.3 558073.86
3.31 562214.93
3.32 566352.84
3.33 570487.26
3.34 574617.84
3.35 578744.25
3.36 582866.15
3.37 586983.21
3.38 591095.09
3.39 595201.45
3.4 599301.96
3.41 603396.28
3.42 607484.08
3.43 611565.02
3.44 615638.77
3.45 619705
3.46 623763.36
3.47 627813.53
3.48 631855.18
3.49 635887.98
3.5 639911.58
3.51 643925.68
3.52 647929.93
3.53 651924
3.54 655907.58
3.55 659880.33
3.56 663841.92
3.57 667792.04
3.58 671730.36
3.59 675656.56
3.6 679570.31
3.61 683471.3
3.62 687359.2
3.63 691233.7
3.64 695094.49
3.65 698941.25
3.66 702773.65
3.67 706591.41
3.68 710394.19
3.69 714181.69
3.7 717953.61
3.71 721709.63
3.72 725449.45
3.73 729172.78
3.74 732879.3
3.75 736568.72
3.76 740240.74
3.77 743895.07
3.78 747531.4
3.79 751149.45
3.8 754748.92
3.81 758329.53
3.82 761890.99
3.83 765433.02
3.84 768955.32
3.85 772457.63
3.86 775939.66
3.87 779401.13
3.88 782841.77
3.89 786261.31
3.9 789659.48
3.91 793036.01
3.92 796390.63
3.93 799723.07
3.94 803033.09
3.95 806320.42
3.96 809584.79
3.97 812825.97
3.98 816043.69
3.99 819237.71
4 822407.78
4.01 825553.66
4.02 828675.1
4.03 831771.87
4.04 834843.72
4.05 837890.42
4.06 840911.75
4.07 843907.47
4.08 846877.36
4.09 849821.2
4.1 852738.75
4.11 855629.81
4.12 858494.16
4.13 861331.58
4.14 864141.88
4.15 866924.83
4.16 869680.24
4.17 872407.9
4.18 875107.61
4.19 877779.19
4.2 880422.44
4.21 883037.16
4.22 885623.18
4.23 888180.3
4.24 890708.35
4.25 893207.15
4.26 895676.52
4.27 898116.29
4.28 900526.3
4.29 902906.37
4.3 905256.35
4.31 907576.07
4.32 909865.38
4.33 912124.13
4.34 914352.15
4.35 916549.32
4.36 918715.48
4.37 920850.49
4.38 922954.21
4.39 925026.51
4.4 927067.26
4.41 929076.32
4.42 931053.58
4.43 932998.91
4.44 934912.19
4.45 936793.31
4.46 938642.15
4.47 940458.61
4.48 942242.57
4.49 943993.93
4.5 945712.6
4.51 947398.48
4.52 949051.47
4.53 950671.49
4.54 952258.45
4.55 953812.25
4.56 955332.83
4.57 956820.11
4.58 958274.01
4.59 959694.45
4.6 961081.38
4.61 962434.73
4.62 963754.43
4.63 965040.43
4.64 966292.68
4.65 967511.12
4.66 968695.7
4.67 969846.38
4.68 970963.11
4.69 972045.86
4.7 973094.59
4.71 974109.27
4.72 975089.87
4.73 976036.36
4.74 976948.72
4.75 977826.93
4.76 978670.97
4.77 979480.83
4.78 980256.5
4.79 980997.97
4.8 981705.23
4.81 982378.29
4.82 983017.15
4.83 983621.8
4.84 984192.27
4.85 984728.55
4.86 985230.67
4.87 985698.64
4.88 986132.48
4.89 986532.21
4.9 986897.87
4.91 987229.47
4.92 987527.05
4.93 987790.65
4.94 988020.29
4.95 988216.04
4.96 988377.92
4.97 988505.98
4.98 988600.28
4.99 988660.86
5 988687.78
5.01 988681.09
5.02 988640.87
5.03 988567.17
5.04 988460.06
5.05 988319.6
5.06 988145.87
5.07 987938.94
5.08 987698.9
5.09 987425.81
5.1 987119.77
5.11 986780.85
5.12 986409.15
5.13 986004.75
5.14 985567.75
5.15 985098.25
5.16 984596.34
5.17 984062.11
5.18 983495.69
5.19 982897.16
5.2 982266.64
5.21 981604.24
5.22 980910.07
5.23 980184.24
5.24 979426.88
5.25 978638.11
5.26 977818.04
5.27 976966.8
5.28 976084.51
5.29 975171.32
5.3 974227.34
5.31 973252.71
5.32 972247.56
5.33 971212.04
5.34 970146.29
5.35 969050.44
5.36 967924.64
5.37 966769.04
5.38 965583.78
5.39 964369.01
5.4 963124.9
5.41 961851.58
5.42 960549.22
5.43 959217.98
5.44 957858.01
5.45 956469.48
5.46 955052.55
5.47 953607.38
5.48 952134.15
5.49 950633.02
5.5 949104.16
5.51 947547.75
5.52 945963.96
5.53 944352.96
5.54 942714.93
5.55 941050.06
5.56 939358.52
5.57 937640.49
5.58 935896.16
5.59 934125.72
5.6 932329.34
5.61 930507.22
5.62 928659.55
5.63 926786.52
5.64 924888.31
5.65 922965.13
5.66 921017.17
5.67 919044.63
5.68 917047.7
5.69 915026.57
5.7 912981.46
5.71 910912.56
5.72 908820.08
5.73 906704.21
5.74 904565.17
5.75 902403.15
5.76 900218.37
5.77 898011.03
5.78 895781.34
5.79 893529.51
5.8 891255.75
5.81 888960.27
5.82 886643.29
5.83 884305.01
5.84 881945.66
5.85 879565.44
5.86 877164.57
5.87 874743.27
5.88 872301.76
5.89 869840.25
5.9 867358.96
5.91 864858.11
5.92 862337.93
5.93 859798.62
5.94 857240.42
5.95 854663.53
5.96 852068.2
5.97 849454.63
5.98 846823.05
5.99 844173.69
6 841506.77
6.01 838822.51
6.02 836121.13
6.03 833402.87
6.04 830667.94
6.05 827916.58
6.06 825149.01
6.07 822365.45
6.08 819566.13
6.09 816751.29
6.1 813921.13
6.11 811075.9
6.12 808215.82
6.13 805341.12
6.14 802452.02
6.15 799548.74
6.16 796631.53
6.17 793700.61
6.18 790756.19
6.19 787798.52
6.2 784827.81
6.21 781844.3
6.22 778848.22
6.23 775839.78
6.24 772819.21
6.25 769786.76
6.26 766742.63
6.27 763687.05
6.28 760620.26
6.29 757542.48
6.3 754453.93
6.31 751354.84
6.32 748245.43
6.33 745125.93
6.34 741996.57
6.35 738857.56
6.36 735709.13
6.37 732551.51
6.38 729384.91
6.39 726209.57
6.4 723025.69
6.41 719833.51
6.42 716633.24
6.43 713425.1
6.44 710209.32
6.45 706986.11
6.46 703755.69
6.47 700518.29
6.48 697274.11
6.49 694023.37
6.5 690766.29
6.51 687503.09
6.52 684233.98
6.53 680959.18
6.54 677678.89
6.55 674393.34
6.56 671102.72
6.57 667807.27
6.58 664507.17
6.59 661202.66
6.6 657893.92
6.61 654581.18
6.62 651264.63
6.63 647944.49
6.64 644620.97
6.65 641294.25
6.66 637964.56
6.67 634632.09
6.68 631297.04
6.69 627959.61
6.7 624620.01
6.71 621278.44
6.72 617935.08
6.73 614590.15
6.74 611243.83
6.75 607896.32
6.76 604547.81
6.77 601198.5
6.78 597848.58
6.79 594498.24
6.8 591147.67
6.81 587797.06
6.82 584446.59
6.83 581096.46
6.84 577746.84
6.85 574397.93
6.86 571049.9
6.87 567702.94
6.88 564357.23
6.89 561012.95
6.9 557670.27
6.91 554329.38
6.92 550990.45
6.93 547653.65
6.94 544319.17
6.95 540987.16
6.96 537657.81
6.97 534331.28
6.98 531007.75
6.99 527687.37
7 524370.32
7.01 521056.76
7.02 517746.85
7.03 514440.77
7.04 511138.66
7.05 507840.69
7.06 504547.02
7.07 501257.8
7.08 497973.19
7.09 494693.35
7.1 491418.43
7.11 488148.58
7.12 484883.96
7.13 481624.7
7.14 478370.97
7.15 475122.9
7.16 471880.64
7.17 468644.34
7.18 465414.14
7.19 462190.18
7.2 458972.6
7.21 455761.54
7.22 452557.14
7.23 449359.53
7.24 446168.84
7.25 442985.22
7.26 439808.79
7.27 436639.68
7.28 433478.03
7.29 430323.95
7.3 427177.58
7.31 424039.04
7.32 420908.45
7.33 417785.95
7.34 414671.63
7.35 411565.64
7.36 408468.08
7.37 405379.07
7.38 402298.73
7.39 399227.16
7.4 396164.49
7.41 393110.82
7.42 390066.27
7.43 387030.94
7.44 384004.93
7.45 380988.36
7.46 377981.33
7.47 374983.94
7.48 371996.28
7.49 369018.47
7.5 366050.6
7.51 363092.77
7.52 360145.07
7.53 357207.59
7.54 354280.44
7.55 351363.69
7.56 348457.45
7.57 345561.79
7.58 342676.82
7.59 339802.61
7.6 336939.24
7.61 334086.81
7.62 331245.39
7.63 328415.07
7.64 325595.92
7.65 322788.02
7.66 319991.44
7.67 317206.27
7.68 314432.58
7.69 311670.43
7.7 308919.91
7.71 306181.07
7.72 303453.99
7.73 300738.74
7.74 298035.38
7.75 295343.97
7.76 292664.59
7.77 289997.28
7.78 287342.12
7.79 284699.15
7.8 282068.45
7.81 279450.06
7.82 276844.04
7.83 274250.44
7.84 271669.32
7.85 269100.73
7.86 266544.72
7.87 264001.34
7.88 261470.63
7.89 258952.65
7.9 256447.43
7.91 253955.03
7.92 251475.48
7.93 249008.82
7.94 246555.11
7.95 244114.37
7.96 241686.64
7.97 239271.96
7.98 236870.37
7.99 234481.9
8 232106.58
8.01 229744.45
8.02 227395.53
8.03 225059.86
8.04 222737.47
8.05 220428.37
8.06 218132.61
8.07 215850.19
8.08 213581.16
8.09 211325.52
8.1 209083.3
8.11 206854.53
8.12 204639.22
8.13 202437.39
8.14 200249.05
8.15 198074.23
8.16 195912.94
8.17 193765.19
8.18 191630.99
8.19 189510.37
8.2 187403.32
8.21 185309.86
8.22 183229.99
8.23 181163.74
8.24 179111.09
8.25 177072.06
8.26 175046.66
8.27 173034.88
8.28 171036.73
8.29 169052.21
8.3 167081.32
8.31 165124.07
8.32 163180.44
8.33 161250.45
8.34 159334.08
8.35 157431.33
8.36 155542.21
8.37 153666.69
8.38 151804.78
8.39 149956.46
8.4 148121.74
8.41 146300.59
8.42 144493.02
8.43 142699.01
8.44 140918.54
8.45 139151.61
8.46 137398.2
8.47 135658.29
8.48 133931.88
8.49 132218.94
8.5 130519.46
8.51 128833.43
8.52 127160.82
8.53 125501.61
8.54 123855.78
8.55 122223.32
8.56 120604.2
8.57 118998.4
8.58 117405.89
8.59 115826.66
8.6 114260.68
8.61 112707.92
8.62 111168.36
8.63 109641.97
8.64 108128.72
8.65 106628.59
8.66 105141.55
8.67 103667.56
8.68 102206.6
8.69 100758.64
8.7 99323.649
8.71 97901.589
8.72 96492.431
8.73 95096.141
8.74 93712.687
8.75 92342.034
8.76 90984.146
8.77 89638.988
8.78 88306.525
8.79 86986.718
8.8 85679.532
8.81 84384.929
8.82 83102.869
8.83 81833.315
8.84 80576.226
8.85 79331.563
8.86 78099.286
8.87 76879.352
8.88 75671.722
8.89 74476.352
8.9 73293.201
8.91 72122.226
8.92 70963.382
8.93 69816.627
8.94 68681.915
8.95 67559.202
8.96 66448.444
8.97 65349.593
8.98 64262.605
8.99 63187.432
9 62124.028
9.01 61072.345
9.02 60032.335
9.03 59003.952
9.04 57987.145
9.05 56981.867
9.06 55988.067
9.07 55005.697
9.08 54034.706
9.09 53075.044
9.1 52126.661
9.11 51189.505
9.12 50263.526
9.13 49348.671
9.14 48444.889
9.15 47552.127
9.16 46670.334
9.17 45799.455
9.18 44939.439
9.19 44090.231
9.2 43251.779
9.21 42424.027
9.22 41606.923
9.23 40800.411
9.24 40004.437
9.25 39218.947
9.26 38443.884
9.27 37679.194
9.28 36924.82
9.29 36180.708
9.3 35446.802
9.31 34723.044
9.32 34009.38
9.33 33305.751
9.34 32612.102
9.35 31928.375
9.36 31254.514
9.37 30590.461
9.38 29936.159
9.39 29291.551
9.4 28656.578
9.41 28031.182
9.42 27415.307
9.43 26808.893
9.44 26211.882
9.45 25624.217
9.46 25045.839
9.47 24476.689
9.48 23916.708
9.49 23365.838
9.5 22824.021
9.51 22291.196
9.52 21767.306
9.53 21252.291
9.54 20746.091
9.55 20248.649
9.56 19759.904
9.57 19279.798
9.58 18808.27
9.59 18345.262
9.6 17890.715
9.61 17444.568
9.62 17006.762
9.63 16577.238
9.64 16155.937
9.65 15742.798
9.66 15337.763
9.67 14940.772
9.68 14551.765
9.69 14170.683
9.7 13797.466
9.71 13432.054
9.72 13074.39
9.73 12724.412
9.74 12382.062
9.75 12047.279
9.76 11720.006
9.77 11400.182
9.78 11087.749
9.79 10782.646
9.8 10484.816
9.81 10194.199
9.82 9910.7349
9.83 9634.3663
9.84 9365.0337
9.85 9102.6783
9.86 8847.2415
9.87 8598.6645
9.88 8356.8889
9.89 8121.8562
9.9 7893.5079
9.91 7671.7859
9.92 7456.6318
9.93 7247.9878
9.94 7045.7957
9.95 6849.9978
9.96 6660.5363
9.97 6477.3535
9.98 6300.392
9.99 6129.5944
10 5964.9034
