-10 8584.8406
-9.99 8498.931
-9.98 8412.8883
-9.97 8326.7217
-9.96 8240.4403
-9.95 8154.0531
-9.94 8067.5696
-9.93 7980.999
-9.92 7894.3509
-9.91 7807.6347
-9.9 7720.86
-9.89 7634.0366
-9.88 7547.1741
-9.87 7460.2825
-9.86 7373.3717
-9.85 7286.4517
-9.84 7199.5326
-9.83 7112.6245
-9.82 7025.7377
-9.81 6938.8826
-9.8 6852.0695
-9.79 6765.3089
-9.78 6678.6115
-9.77 6591.9877
-9.76 6505.4484
-9.75 6419.0043
-9.74 6332.6664
-9.73 6246.4454
-9.72 6160.3526
-9.71 6074.3988
-9.7 5988.5954
-9.69 5902.9535
-9.68 5817.4844
-9.67 5732.1996
-9.66 5647.1103
-9.65 5562.2283
-9.64 5477.565
-9.63 5393.1321
-9.62 5308.9414
-9.61 5225.0045
-9.6 5141.3334
-9.59 5057.94
-9.58 4974.8362
-9.57 4892.0341
-9.56 4809.5458
-9.55 4727.3835
-9.54 4645.5593
-9.53 4564.0856
-9.52 4482.9748
-9.51 4402.2392
-9.5 4321.8913
-9.49 4241.9435
-9.48 4162.4086
-9.47 4083.2991
-9.46 4004.6277
-9.45 3926.4071
-9.44 3848.65
-9.43 3771.3695
-9.42 3694.5782
-9.41 3618.2893
-9.4 3542.5155
-9.39 3467.27
-9.38 3392.5658
-9.37 3318.4161
-9.36 3244.8339
-9.35 3171.8325
-9.34 3099.4252
-9.33 3027.6251
-9.32 2956.4456
-9.31 2885.9
-9.3 2816.0018
-9.29 2746.7643
-9.28 2678.201
-9.27 2610.3254
-9.26 2543.1509
-9.25 2476.6911
-9.24 2410.9595
-9.23 2345.9699
-9.22 2281.7356
-9.21 2218.2704
-9.2 2155.588
-9.19 2093.702
-9.18 2032.6261
-9.17 1972.3739
-9.16 1912.9593
-9.15 1854.3959
-9.14 1796.6976
-9.13 1739.8779
-9.12 1683.9508
-9.11 1628.93
-9.1 1574.8292
-9.09 1521.6623
-9.08 1469.4429
-9.07 1418.185
-9.06 1367.9022
-9.05 1318.6084
-9.04 1270.3173
-9.03 1223.0426
-9.02 1176.7982
-9.01 1131.5977
-9 1087.4549
-8.99 1044.3836
-8.98 1002.3973
-8.97 961.50987
-8.96 921.73485
-8.95 883.08592
-8.94 845.57669
-8.93 809.22075
-8.92 774.03166
-8.91 740.02296
-8.9 707.20813
-8.89 675.60065
-8.88 645.21395
-8.87 616.06141
-8.86 588.15639
-8.85 561.5122
-8.84 536.1421
-8.83 512.05932
-8.82 489.27702
-8.81 467.80832
-8.8 447.66629
-8.79 428.86394
-8.78 411.41423
-8.77 395.33006
-8.76 380.62425
-8.75 367.30959
-8.74 355.39876
-8.73 344.90442
-8.72 335.83912
-8.71 328.21536
-8.7 322.04555
-8.69 317.34204
-8.68 314.11709
-8.67 312.38287
-8.66 312.15148
-8.65 313.43493
-8.64 316.24513
-8.63 320.5939
-8.62 326.49299
-8.61 333.95402
-8.6 342.98854
-8.59 353.60797
-8.58 365.82364
-8.57 379.6468
-8.56 395.08854
-8.55 412.15987
-8.54 430.87169
-8.53 451.23477
-8.52 473.25976
-8.51 496.9572
-8.5 522.33751
-8.49 549.41096
-8.48 578.18772
-8.47 608.6778
-8.46 640.8911
-8.45 674.83737
-8.44 710.52623
-8.43 747.96715
-8.42 787.16945
-8.41 828.14233
-8.4 870.89481
-8.39 915.43577
-8.38 961.77394
-8.37 1009.9179
-8.36 1059.876
-8.35 1111.6566
-8.34 1165.2677
-8.33 1220.7172
-8.32 1278.0129
-8.31 1337.1623
-8.3 1398.1728
-8.29 1461.0517
-8.28 1525.806
-8.27 1592.4425
-8.26 1660.968
-8.25 1731.3888
-8.24 1803.7112
-8.23 1877.9415
-8.22 1954.0853
-8.21 2032.1485
-8.2 2112.1366
-8.19 2194.0548
-8.18 2277.9082
-8.17 2363.7016
-8.16 2451.4399
-8.15 2541.1273
-8.14 2632.7681
-8.13 2726.3663
-8.12 2821.9258
-8.11 2919.45
-8.1 3018.9423
-8.09 3120.4058
-8.08 3223.8433
-8.07 3329.2576
-8.06 3436.651
-8.05 3546.0256
-8.04 3657.3834
-8.03 3770.726
-8.02 3886.0548
-8.01 4003.3711
-8 4122.6757
-7.99 4243.9693
-7.98 4367.2523
-7.97 4492.5248
-7.96 4619.7867
-7.95 4749.0377
-7.94 4880.277
-7.93 5013.5038
-7.92 5148.7168
-7.91 5285.9146
-7.9 5425.0955
-7.89 5566.2574
-7.88 5709.398
-7.87 5854.5147
-7.86 6001.6047
-7.85 6150.6648
-7.84 6301.6915
-7.83 6454.6812
-7.82 6609.6297
-7.81 6766.5327
-7.8 6925.3856
-7.79 7086.1835
-7.78 7248.9211
-7.77 7413.5929
-7.76 7580.1931
-7.75 7748.7155
-7.74 7919.1536
-7.73 8091.5007
-7.72 8265.7497
-7.71 8441.8931
-7.7 8619.9233
-7.69 8799.8322
-7.68 8981.6115
-7.67 9165.2524
-7.66 9350.746
-7.65 9538.083
-7.64 9727.2536
-7.63 9918.2479
-7.62 10111.056
-7.61 10305.666
-7.6 10502.068
-7.59 10700.251
-7.58 10900.202
-7.57 11101.91
-7.56 11305.363
-7.55 11510.547
-7.54 11717.451
-7.53 11926.059
-7.52 12136.36
-7.51 12348.338
-7.5 12561.979
-7.49 12777.269
-7.48 12994.193
-7.47 13212.735
-7.46 13432.879
-7.45 13654.609
-7.44 13877.909
-7.43 14102.762
-7.42 14329.151
-7.41 14557.058
-7.4 14786.466
-7.39 15017.356
-7.38 15249.709
-7.37 15483.507
-7.36 15718.731
-7.35 15955.36
-7.34 16193.375
-7.33 16432.755
-7.32 16673.481
-7.31 16915.53
-7.3 17158.881
-7.29 17403.513
-7.28 17649.404
-7.27 17896.53
-7.26 18144.87
-7.25 18394.4
-7.24 18645.096
-7.23 18896.935
-7.22 19149.893
-7.21 19403.944
-7.2 19659.065
-7.19 19915.229
-7.18 20172.411
-7.17 20430.586
-7.16 20689.726
-7.15 20949.806
-7.14 21210.798
-7.13 21472.675
-7.12 21735.41
-7.11 21998.973
-7.1 22263.338
-7.09 22528.475
-7.08 22794.356
-7.07 23060.95
-7.06 23328.229
-7.05 23596.162
-7.04 23864.719
-7.03 24133.869
-7.02 24403.582
-7.01 24673.826
-7 24944.569
-6.99 25215.78
-6.98 25487.426
-6.97 25759.475
-6.96 26031.895
-6.95 26304.65
-6.94 26577.71
-6.93 26851.038
-6.92 27124.603
-6.91 27398.368
-6.9 27672.3
-6.89 27946.364
-6.88 28220.524
-6.87 28494.745
-6.86 28768.991
-6.85 29043.226
-6.84 29317.414
-6.83 29591.518
-6.82 29865.502
-6.81 30139.327
-6.8 30412.958
-6.79 30686.356
-6.78 30959.483
-6.77 31232.302
-6.76 31504.774
-6.75 31776.86
-6.74 32048.521
-6.73 32319.72
-6.72 32590.415
-6.71 32860.569
-6.7 33130.14
-6.69 33399.091
-6.68 33667.379
-6.67 33934.965
-6.66 34201.809
-6.65 34467.87
-6.64 34733.107
-6.63 34997.479
-6.62 35260.945
-6.61 35523.464
-6.6 35784.994
-6.59 36045.493
-6.58 36304.92
-6.57 36563.233
-6.56 36820.389
-6.55 37076.348
-6.54 37331.065
-6.53 37584.499
-6.52 37836.608
-6.51 38087.349
-6.5 38336.678
-6.49 38584.554
-6.48 38830.933
-6.47 39075.773
-6.46 39319.03
-6.45 39560.662
-6.44 39800.625
-6.43 40038.876
-6.42 40275.372
-6.41 40510.069
-6.4 40742.925
-6.39 40973.897
-6.38 41202.94
-6.37 41430.012
-6.36 41655.07
-6.35 41878.069
-6.34 42098.968
-6.33 42317.723
-6.32 42534.29
-6.31 42748.627
-6.3 42960.691
-6.29 43170.438
-6.28 43377.827
-6.27 43582.813
-6.26 43785.355
-6.25 43985.41
-6.24 44182.935
-6.23 44377.889
-6.22 44570.228
-6.21 44759.911
-6.2 44946.896
-6.19 45131.141
-6.18 45312.605
-6.17 45491.245
-6.16 45667.022
-6.15 45839.894
-6.14 46009.82
-6.13 46176.76
-6.12 46340.673
-6.11 46501.519
-6.1 46659.258
-6.09 46813.851
-6.08 46965.259
-6.07 47113.441
-6.06 47258.361
-6.05 47399.978
-6.04 47538.255
-6.03 47673.154
-6.02 47804.638
-6.01 47932.669
-6 48057.21
-5.99 48178.226
-5.98 48295.68
-5.97 48409.536
-5.96 48519.759
-5.95 48626.315
-5.94 48729.168
-5.93 48828.285
-5.92 48923.632
-5.91 49015.177
-5.9 49102.885
-5.89 49186.726
-5.88 49266.667
-5.87 49342.677
-5.86 49414.726
-5.85 49482.783
-5.84 49546.819
-5.83 49606.804
-5.82 49662.71
-5.81 49714.509
-5.8 49762.174
-5.79 49805.678
-5.78 49844.994
-5.77 49880.097
-5.76 49910.962
-5.75 49937.565
-5.74 49959.881
-5.73 49977.889
-5.72 49991.565
-5.71 50000.887
-5.7 50005.835
-5.69 50006.389
-5.68 50002.529
-5.67 49994.236
-5.66 49981.491
-5.65 49964.279
-5.64 49942.581
-5.63 49916.382
-5.62 49885.668
-5.61 49850.423
-5.6 49810.636
-5.59 49766.292
-5.58 49717.38
-5.57 49663.889
-5.56 49605.81
-5.55 49543.132
-5.54 49475.848
-5.53 49403.951
-5.52 49327.433
-5.51 49246.289
-5.5 49160.515
-5.49 49070.107
-5.48 48975.061
-5.47 48875.377
-5.46 48771.053
-5.45 48662.089
-5.44 48548.487
-5.43 48430.248
-5.42 48307.376
-5.41 48179.875
-5.4 48047.749
-5.39 47911.006
-5.38 47769.653
-5.37 47623.698
-5.36 47473.15
-5.35 47318.02
-5.34 47158.319
-5.33 46994.061
-5.32 46825.258
-5.31 46651.927
-5.3 46474.083
-5.29 46291.744
-5.28 46104.927
-5.27 45913.653
-5.26 45717.942
-5.25 45517.816
-5.24 45313.299
-5.23 45104.414
-5.22 44891.188
-5.21 44673.646
-5.2 44451.818
-5.19 44225.732
-5.18 43995.42
-5.17 43760.911
-5.16 43522.241
-5.15 43279.442
-5.14 43032.552
-5.13 42781.605
-5.12 42526.642
-5.11 42267.7
-5.1 42004.822
-5.09 41738.049
-5.08 41467.424
-5.07 41192.993
-5.06 40914.801
-5.05 40632.896
-5.04 40347.327
-5.03 40058.143
-5.02 39765.398
-5.01 39469.142
-5 39169.432
-4.99 38866.321
-4.98 38559.868
-4.97 38250.131
-4.96 37937.17
-4.95 37621.046
-4.94 37301.821
-4.93 36979.56
-4.92 36654.329
-4.91 36326.193
-4.9 35995.222
-4.89 35661.486
-4.88 35325.054
-4.87 34986.001
-4.86 34644.399
-4.85 34300.326
-4.84 33953.857
-4.83 33605.07
-4.82 33254.046
-4.81 32900.867
-4.8 32545.614
-4.79 32188.371
-4.78 31829.226
-4.77 31468.263
-4.76 31105.573
-4.75 30741.244
-4.74 30375.369
-4.73 30008.04
-4.72 29639.352
-4.71 29269.399
-4.7 28898.28
-4.69 28526.094
-4.68 28152.939
-4.67 27778.918
-4.66 27404.134
-4.65 27028.69
-4.64 26652.694
-4.63 26276.251
-4.62 25899.472
-4.61 25522.465
-4.6 25145.343
-4.59 24768.219
-4.58 24391.206
-4.57 24014.42
-4.56 23637.979
-4.55 23262.002
-4.54 22886.608
-4.53 22511.918
-4.52 22138.056
-4.51 21765.145
-4.5 21393.31
-4.49 21022.68
-4.48 20653.381
-4.47 20285.543
-4.46 19919.297
-4.45 19554.775
-4.44 19192.112
-4.43 18831.44
-4.42 18472.897
-4.41 18116.62
-4.4 17762.747
-4.39 17411.419
-4.38 17062.776
-4.37 16716.961
-4.36 16374.118
-4.35 16034.391
-4.34 15697.926
-4.33 15364.871
-4.32 15035.374
-4.31 14709.585
-4.3 14387.655
-4.29 14069.735
-4.28 13755.978
-4.27 13446.539
-4.26 13141.573
-4.25 12841.236
-4.24 12545.686
-4.23 12255.081
-4.22 11969.58
-4.21 11689.345
-4.2 11414.537
-4.19 11145.317
-4.18 10881.851
-4.17 10624.302
-4.16 10372.835
-4.15 10127.618
-4.14 9888.8167
-4.13 9656.5998
-4.12 9431.1361
-4.11 9212.5955
-4.1 9001.1486
-4.09 8796.9669
-4.08 8600.2226
-4.07 8411.0886
-4.06 8229.7388
-4.05 8056.3474
-4.04 7891.0897
-4.03 7734.1414
-4.02 7585.6791
-4.01 7445.8798
-4 7314.9213
-3.99 7192.9817
-3.98 7080.2401
-3.97 6976.8757
-3.96 6883.0684
-3.95 6798.9987
-3.94 6724.8474
-3.93 6660.7958
-3.92 6607.0255
-3.91 6563.7187
-3.9 6531.0579
-3.89 6509.2257
-3.88 6498.4052
-3.87 6498.78
-3.86 6510.5335
-3.85 6533.8496
-3.84 6568.9125
-3.83 6615.9062
-3.82 6675.0153
-3.81 6746.424
-3.8 6830.3172
-3.79 6926.8793
-3.78 7036.2949
-3.77 7158.7489
-3.76 7294.4258
-3.75 7443.5101
-3.74 7606.1863
-3.73 7782.6388
-3.72 7973.0518
-3.71 8177.6093
-3.7 8396.4951
-3.69 8629.8927
-3.68 8877.9855
-3.67 9140.9564
-3.66 9418.988
-3.65 9712.2626
-3.64 10020.962
-3.63 10345.268
-3.62 10685.361
-3.61 11041.421
-3.6 11413.63
-3.59 11802.165
-3.58 12207.206
-3.57 12628.93
-3.56 13067.516
-3.55 13523.14
-3.54 13995.978
-3.53 14486.205
-3.52 14993.996
-3.51 15519.524
-3.5 16062.961
-3.49 16624.481
-3.48 17204.253
-3.47 17802.448
-3.46 18419.234
-3.45 19054.779
-3.44 19709.25
-3.43 20382.812
-3.42 21075.631
-3.41 21787.869
-3.4 22519.688
-3.39 23271.249
-3.38 24042.712
-3.37 24834.235
-3.36 25645.975
-3.35 26478.086
-3.34 27330.724
-3.33 28204.04
-3.32 29098.185
-3.31 30013.31
-3.3 30949.561
-3.29 31907.086
-3.28 32886.028
-3.27 33886.531
-3.26 34908.736
-3.25 35952.782
-3.24 37018.807
-3.23 38106.946
-3.22 39217.335
-3.21 40350.104
-3.2 41505.384
-3.19 42683.303
-3.18 43883.987
-3.17 45107.561
-3.16 46354.146
-3.15 47623.862
-3.14 48916.828
-3.13 50233.158
-3.12 51572.966
-3.11 52936.364
-3.1 54323.46
-3.09 55734.361
-3.08 57169.17
-3.07 58627.991
-3.06 60110.921
-3.05 61618.059
-3.04 63149.499
-3.03 64705.333
-3.02 66285.649
-3.01 67890.536
-3 69520.077
-2.99 71174.354
-2.98 72853.446
-2.97 74557.429
-2.96 76286.376
-2.95 78040.359
-2.94 79819.445
-2.93 81623.7
-2.92 83453.185
-2.91 85307.96
-2.9 87188.082
-2.89 89093.604
-2.88 91024.576
-2.87 92981.046
-2.86 94963.059
-2.85 96970.656
-2.84 99003.875
-2.83 101062.75
-2.82 103147.32
-2.81 105257.6
-2.8 107393.63
-2.79 109555.43
-2.78 111743.01
-2.77 113956.39
-2.76 116195.59
-2.75 118460.62
-2.74 120751.47
-2.73 123068.16
-2.72 125410.67
-2.71 127779.02
-2.7 130173.19
-2.69 132593.17
-2.68 135038.94
-2.67 137510.49
-2.66 140007.79
-2.65 142530.83
-2.64 145079.57
-2.63 147653.98
-2.62 150254.02
-2.61 152879.66
-2.6 155530.85
-2.59 158207.55
-2.58 160909.7
-2.57 163637.25
-2.56 166390.15
-2.55 169168.33
-2.54 171971.72
-2.53 174800.27
-2.52 177653.89
-2.51 180532.52
-2.5 183436.06
-2.49 186364.44
-2.48 189317.57
-2.47 192295.36
-2.46 195297.71
-2.45 198324.52
-2.44 201375.69
-2.43 204451.12
-2.42 207550.7
-2.41 210674.3
-2.4 213821.81
-2.39 216993.12
-2.38 220188.08
-2.37 223406.59
-2.36 226648.49
-2.35 229913.66
-2.34 233201.95
-2.33 236513.21
-2.32 239847.31
-2.31 243204.08
-2.3 246583.37
-2.29 249985.01
-2.28 253408.86
-2.27 256854.72
-2.26 260322.44
-2.25 263811.84
-2.24 267322.74
-2.23 270854.95
-2.22 274408.28
-2.21 277982.56
-2.2 281577.57
-2.19 285193.12
-2.18 288829.02
-2.17 292485.04
-2.16 296160.99
-2.15 299856.65
-2.14 303571.79
-2.13 307306.21
-2.12 311059.67
-2.11 314831.94
-2.1 318622.8
-2.09 322432
-2.08 326259.31
-2.07 330104.48
-2.06 333967.27
-2.05 337847.42
-2.04 341744.68
-2.03 345658.79
-2.02 349589.49
-2.01 353536.52
-2 357499.6
-1.99 361478.47
-1.98 365472.85
-1.97 369482.46
-1.96 373507.01
-1.95 377546.23
-1.94 381599.82
-1.93 385667.49
-1.92 389748.94
-1.91 393843.88
-1.9 397952.01
-1.89 402073.01
-1.88 406206.58
-1.87 410352.4
-1.86 414510.17
-1.85 418679.57
-1.84 422860.26
-1.83 427051.94
-1.82 431254.26
-1.81 435466.91
-1.8 439689.54
-1.79 443921.83
-1.78 448163.43
-1.77 452414.01
-1.76 456673.21
-1.75 460940.69
-1.74 465216.11
-1.73 469499.1
-1.72 473789.31
-1.71 478086.39
-1.7 482389.98
-1.69 486699.71
-1.68 491015.22
-1.67 495336.14
-1.66 499662.1
-1.65 503992.72
-1.64 508327.65
-1.63 512666.49
-1.62 517008.86
-1.61 521354.4
-1.6 525702.71
-1.59 530053.41
-1.58 534406.12
-1.57 538760.44
-1.56 543115.98
-1.55 547472.35
-1.54 551829.16
-1.53 556186.01
-1.52 560542.5
-1.51 564898.23
-1.5 569252.81
-1.49 573605.82
-1.48 577956.87
-1.47 582305.55
-1.46 586651.45
-1.45 590994.17
-1.44 595333.3
-1.43 599668.42
-1.42 603999.12
-1.41 608324.99
-1.4 612645.62
-1.39 616960.6
-1.38 621269.5
-1.37 625571.91
-1.36 629867.41
-1.35 634155.59
-1.34 638436.03
-1.33 642708.3
-1.32 646972
-1.31 651226.69
-1.3 655471.95
-1.29 659707.37
-1.28 663932.53
-1.27 668147
-1.26 672350.36
-1.25 676542.19
-1.24 680722.07
-1.23 684889.57
-1.22 689044.27
-1.21 693185.76
-1.2 697313.6
-1.19 701427.38
-1.18 705526.68
-1.17 709611.08
-1.16 713680.15
-1.15 717733.48
-1.14 721770.64
-1.13 725791.22
-1.12 729794.81
-1.11 733780.97
-1.1 737749.3
-1.09 741699.39
-1.08 745630.8
-1.07 749543.15
-1.06 753436
-1.05 757308.95
-1.04 761161.59
-1.03 764993.51
-1.02 768804.3
-1.01 772593.56
-1 776360.88
-0.99 780105.85
-0.98 783828.08
-0.97 787527.17
-0.96 791202.72
-0.95 794854.32
-0.94 798481.59
-0.93 802084.13
-0.92 805661.56
-0.91 809213.48
-0.9 812739.5
-0.89 816239.24
-0.88 819712.32
-0.87 823158.36
-0.86 826576.98
-0.85 829967.8
-0.84 833330.46
-0.83 836664.57
-0.82 839969.77
-0.81 843245.7
-0.8 846491.99
-0.79 849708.28
-0.78 852894.22
-0.77 856049.45
-0.76 859173.61
-0.75 862266.36
-0.74 865327.36
-0.73 868356.26
-0.72 871352.71
-0.71 874316.39
-0.7 877246.97
-0.69 880144.1
-0.68 883007.46
-0.67 885836.74
-0.66 888631.61
-0.65 891391.75
-0.64 894116.86
-0.63 896806.61
-0.62 899460.72
-0.61 902078.87
-0.6 904660.76
-0.59 907206.11
-0.58 909714.62
-0.57 912186.01
-0.56 914619.99
-0.55 917016.28
-0.54 919374.62
-0.53 921694.72
-0.52 923976.33
-0.51 926219.17
-0.5 928423
-0.49 930587.56
-0.48 932712.6
-0.47 934797.87
-0.46 936843.13
-0.45 938848.15
-0.44 940812.7
-0.43 942736.54
-0.42 944619.46
-0.41 946461.23
-0.4 948261.65
-0.39 950020.5
-0.38 951737.58
-0.37 953412.69
-0.36 955045.64
-0.35 956636.23
-0.34 958184.28
-0.33 959689.61
-0.32 961152.04
-0.31 962571.41
-0.3 963947.54
-0.29 965280.28
-0.28 966569.47
-0.27 967814.96
-0.26 969016.6
-0.25 970174.26
-0.24 971287.79
-0.23 972357.07
-0.22 973381.98
-0.21 974362.38
-0.2 975298.17
-0.19 976189.24
-0.18 977035.48
-0.17 977836.8
-0.16 978593.09
-0.15 979304.27
-0.14 979970.26
-0.13 980590.98
-0.12 981166.35
-0.11 981696.31
-0.1 982180.8
-0.09 982619.75
-0.08 983013.12
-0.07 983360.86
-0.06 983662.93
-0.05 983919.29
-0.04 984129.92
-0.03 984294.78
-0.02 984413.86
-0.01 984487.15
-1.6888921e-13 984514.64
0.01 984496.32
0.02 984432.19
0.03 984322.27
0.04 984166.56
0.05 983965.09
0.06 983717.87
0.07 983424.94
0.08 983086.34
0.09 982702.09
0.1 982272.26
0.11 981796.88
0.12 981276.01
0.13 980709.72
0.14 980098.07
0.15 979441.13
0.16 978738.98
0.17 977991.71
0.18 977199.4
0.19 976362.14
0.2 975480.03
0.21 974553.18
0.22 973581.7
0.23 972565.69
0.24 971505.28
0.25 970400.59
0.26 969251.76
0.27 968058.91
0.28 966822.19
0.29 965541.74
0.3 964217.7
0.31 962850.25
0.32 961439.53
0.33 959985.7
0.34 958488.95
0.35 956949.44
0.36 955367.36
0.37 953742.88
0.38 952076.2
0.39 950367.52
0.4 948617.02
0.41 946824.91
0.42 944991.41
0.43 943116.72
0.44 941201.06
0.45 939244.66
0.46 937247.73
0.47 935210.52
0.48 933133.25
0.49 931016.17
0.5 928859.52
0.51 926663.55
0.52 924428.51
0.53 922154.66
0.54 919842.26
0.55 917491.57
0.56 915102.88
0.57 912676.44
0.58 910212.54
0.59 907711.46
0.6 905173.49
0.61 902598.91
0.62 899988.02
0.63 897341.11
0.64 894658.5
0.65 891940.47
0.66 889187.35
0.67 886399.43
0.68 883577.05
0.69 880720.51
0.7 877830.15
0.71 874906.28
0.72 871949.23
0.73 868959.34
0.74 865936.95
0.75 862882.39
0.76 859796
0.77 856678.14
0.78 853529.14
0.79 850349.37
0.8 847139.16
0.81 843898.89
0.82 840628.91
0.83 837329.59
0.84 834001.28
0.85 830644.36
0.86 827259.19
0.87 823846.16
0.88 820405.63
0.89 816937.98
0.9 813443.59
0.91 809922.85
0.92 806376.14
0.93 802803.85
0.94 799206.36
0.95 795584.06
0.96 791937.35
0.97 788266.63
0.98 784572.28
0.99 780854.71
1 777114.31
1.01 773351.5
1.02 769566.66
1.03 765760.21
1.04 761932.56
1.05 758084.1
1.06 754215.24
1.07 750326.41
1.08 746418
1.09 742490.44
1.1 738544.13
1.11 734579.49
1.12 730596.93
1.13 726596.87
1.14 722579.73
1.15 718545.92
1.16 714495.87
1.17 710429.99
1.18 706348.71
1.19 702252.43
1.2 698141.59
1.21 694016.61
1.22 689877.9
1.23 685725.88
1.24 681560.99
1.25 677383.64
1.26 673194.25
1.27 668993.24
1.28 664781.04
1.29 660558.07
1.3 656324.75
1.31 652081.51
1.32 647828.75
1.33 643566.91
1.34 639296.41
1.35 635017.66
1.36 630731.08
1.37 626437.09
1.38 622136.12
1.39 617828.57
1.4 613514.86
1.41 609195.42
1.42 604870.65
1.43 600540.96
1.44 596206.78
1.45 591868.52
1.46 587526.57
1.47 583181.36
1.48 578833.29
1.49 574482.78
1.5 570130.21
1.51 565776
1.52 561420.56
1.53 557064.28
1.54 552707.56
1.55 548350.8
1.56 543994.39
1.57 539638.74
1.58 535284.24
1.59 530931.27
1.6 526580.22
1.61 522231.49
1.62 517885.45
1.63 513542.5
1.64 509203.01
1.65 504867.36
1.66 500535.93
1.67 496209.09
1.68 491887.22
1.69 487570.69
1.7 483259.86
1.71 478955.1
1.72 474656.77
1.73 470365.24
1.74 466080.86
1.75 461803.98
1.76 457534.97
1.77 453274.16
1.78 449021.92
1.79 444778.58
1.8 440544.48
1.81 436319.96
1.82 432105.37
1.83 427901.03
1.84 423707.28
1.85 419524.44
1.86 415352.83
1.87 411192.79
1.88 407044.62
1.89 402908.65
1.9 398785.18
1.91 394674.53
1.92 390577
1.93 386492.9
1.94 382422.52
1.95 378366.15
1.96 374324.11
1.97 370296.66
1.98 366284.11
1.99 362286.73
2 358304.8
2.01 354338.6
2.02 350388.4
2.03 346454.47
2.04 342537.08
2.05 338636.48
2.06 334752.95
2.07 330886.72
2.08 327038.06
2.09 323207.21
2.1 319394.42
2.11 315599.93
2.12 311823.97
2.13 308066.78
2.14 304328.58
2.15 300609.61
2.16 296910.08
2.17 293230.22
2.18 289570.23
2.19 285930.33
2.2 282310.73
2.21 278711.63
2.22 275133.23
2.23 271575.73
2.24 268039.31
2.25 264524.17
2.26 261030.49
2.27 257558.45
2.28 254108.22
2.29 250679.99
2.3 247273.91
2.31 243890.16
2.32 240528.9
2.33 237190.28
2.34 233874.45
2.35 230581.57
2.36 227311.78
2.37 224065.23
2.38 220842.05
2.39 217642.37
2.4 214466.33
2.41 211314.06
2.42 208185.67
2.43 205081.29
2.44 202001.02
2.45 198944.99
2.46 195913.3
2.47 192906.04
2.48 189923.33
2.49 186965.26
2.5 184031.91
2.51 181123.39
2.52 178239.76
2.53 175381.12
2.54 172547.54
2.55 169739.09
2.56 166955.85
2.57 164197.87
2.58 161465.22
2.59 158757.97
2.6 156076.15
2.61 153419.83
2.62 150789.05
2.63 148183.86
2.64 145604.29
2.65 143050.38
2.66 140522.17
2.67 138019.68
2.68 135542.94
2.69 133091.97
2.7 130666.8
2.71 128267.42
2.72 125893.87
2.73 123546.14
2.74 121224.24
2.75 118928.17
2.76 116657.93
2.77 114413.52
2.78 112194.92
2.79 110002.13
2.8 107835.12
2.81 105693.88
2.82 103578.39
2.83 101488.62
2.84 99424.549
2.85 97386.138
2.86 95373.355
2.87 93386.163
2.88 91424.52
2.89 89488.382
2.9 87577.704
2.91 85692.435
2.92 83832.521
2.93 81997.908
2.94 80188.536
2.95 78404.343
2.96 76645.266
2.97 74911.237
2.98 73202.185
2.99 71518.038
3 69858.72
3.01 68224.153
3.02 66614.255
3.03 65028.943
3.04 63468.131
3.05 61931.729
3.06 60419.647
3.07 58931.789
3.08 57468.061
3.09 56028.362
3.1 54612.591
3.11 53220.645
3.12 51852.418
3.13 50507.801
3.14 49186.683
3.15 47888.952
3.16 46614.493
3.17 45363.187
3.18 44134.916
3.19 42929.558
3.2 41746.989
3.21 40587.084
3.22 39449.714
3.23 38334.751
3.24 37242.062
3.25 36171.514
3.26 35122.971
3.27 34096.297
3.28 33091.351
3.29 32107.994
3.3 31146.083
3.31 30205.473
3.32 29286.018
3.33 28387.572
3.34 27509.984
3.35 26653.105
3.36 25816.782
3.37 25000.861
3.38 24205.187
3.39 23429.605
3.4 22673.955
3.41 21938.079
3.42 21221.816
3.43 20525.004
3.44 19847.481
3.45 19189.082
3.46 18549.642
3.47 17928.994
3.48 17326.97
3.49 16743.403
3.5 16178.122
3.51 15630.957
3.52 15101.736
3.53 14590.287
3.54 14096.436
3.55 13620.009
3.56 13160.831
3.57 12718.726
3.58 12293.518
3.59 11885.029
3.6 11493.082
3.61 11117.497
3.62 10758.096
3.63 10414.698
3.64 10087.124
3.65 9775.1929
3.66 9478.7229
3.67 9197.5324
3.68 8931.4394
3.69 8680.2613
3.7 8443.8152
3.71 8221.9178
3.72 8014.3858
3.73 7821.0354
3.74 7641.6827
3.75 7476.1434
3.76 7324.2333
3.77 7185.768
3.78 7060.563
3.79 6948.4336
3.8 6849.1953
3.81 6762.6633
3.82 6688.6532
3.83 6626.9802
3.84 6577.46
3.85 6539.9082
3.86 6514.1406
3.87 6499.973
3.88 6497.2216
3.89 6505.7027
3.9 6525.233
3.91 6555.6294
3.92 6596.7089
3.93 6648.2891
3.94 6710.1879
3.95 6782.2235
3.96 6864.2145
3.97 6955.9801
3.98 7057.3397
3.99 7168.1134
4 7288.1218
4.01 7417.1859
4.02 7555.1272
4.03 7701.7681
4.04 7856.9312
4.05 8020.4401
4.06 8192.1188
4.07 8371.792
4.08 8559.2852
4.09 8754.4245
4.1 8957.0369
4.11 9166.9499
4.12 9383.992
4.13 9607.9924
4.14 9838.7811
4.15 10076.189
4.16 10320.048
4.17 10570.191
4.18 10826.45
4.19 11088.661
4.2 11356.659
4.21 11630.28
4.22 11909.362
4.23 12193.742
4.24 12483.261
4.25 12777.758
4.26 13077.074
4.27 13381.052
4.28 13689.536
4.29 14002.37
4.3 14319.399
4.31 14640.471
4.32 14965.433
4.33 15294.134
4.34 15626.424
4.35 15962.156
4.36 16301.18
4.37 16643.352
4.38 16988.525
4.39 17336.556
4.4 17687.303
4.41 18040.624
4.42 18396.378
4.43 18754.428
4.44 19114.635
4.45 19476.863
4.46 19840.977
4.47 20206.843
4.48 20574.329
4.49 20943.305
4.5 21313.639
4.51 21685.204
4.52 22057.872
4.53 22431.518
4.54 22806.018
4.55 23181.249
4.56 23557.088
4.57 23933.416
4.58 24310.114
4.59 24687.065
4.6 25064.151
4.61 25441.26
4.62 25818.277
4.63 26195.091
4.64 26571.591
4.65 26947.669
4.66 27323.216
4.67 27698.127
4.68 28072.297
4.69 28445.623
4.7 28818.003
4.71 29189.336
4.72 29559.524
4.73 29928.469
4.74 30296.075
4.75 30662.248
4.76 31026.894
4.77 31389.921
4.78 31751.24
4.79 32110.762
4.8 32468.399
4.81 32824.065
4.82 33177.677
4.83 33529.15
4.84 33878.403
4.85 34225.357
4.86 34569.933
4.87 34912.052
4.88 35251.641
4.89 35588.623
4.9 35922.927
4.91 36254.481
4.92 36583.214
4.93 36909.059
4.94 37231.948
4.95 37551.815
4.96 37868.595
4.97 38182.227
4.98 38492.648
4.99 38799.798
5 39103.618
5.01 39404.052
5.02 39701.042
5.03 39994.535
5.04 40284.478
5.05 40570.818
5.06 40853.505
5.07 41132.49
5.08 41407.725
5.09 41679.164
5.1 41946.762
5.11 42210.474
5.12 42470.259
5.13 42726.076
5.14 42977.885
5.15 43225.646
5.16 43469.324
5.17 43708.882
5.18 43944.286
5.19 44175.502
5.2 44402.499
5.21 44625.245
5.22 44843.711
5.23 45057.869
5.24 45267.691
5.25 45473.153
5.26 45674.228
5.27 45870.894
5.28 46063.129
5.29 46250.912
5.3 46434.222
5.31 46613.041
5.32 46787.352
5.33 46957.138
5.34 47122.384
5.35 47283.075
5.36 47439.2
5.37 47590.746
5.38 47737.701
5.39 47880.058
5.4 48017.806
5.41 48150.939
5.42 48279.45
5.43 48403.334
5.44 48522.586
5.45 48637.202
5.46 48747.182
5.47 48852.522
5.48 48953.223
5.49 49049.286
5.5 49140.712
5.51 49227.504
5.52 49309.665
5.53 49387.2
5.54 49460.114
5.55 49528.413
5.56 49592.105
5.57 49651.198
5.58 49705.7
5.59 49755.623
5.6 49800.975
5.61 49841.77
5.62 49878.019
5.63 49909.736
5.64 49936.934
5.65 49959.629
5.66 49977.835
5.67 49991.571
5.68 50000.852
5.69 50005.697
5.7 50006.124
5.71 50002.153
5.72 49993.804
5.73 49981.098
5.74 49964.056
5.75 49942.7
5.76 49917.054
5.77 49887.141
5.78 49852.984
5.79 49814.61
5.8 49772.044
5.81 49725.311
5.82 49674.438
5.83 49619.453
5.84 49560.383
5.85 49497.256
5.86 49430.103
5.87 49358.952
5.88 49283.833
5.89 49204.778
5.9 49121.816
5.91 49034.98
5.92 48944.302
5.93 48849.814
5.94 48751.549
5.95 48649.541
5.96 48543.824
5.97 48434.432
5.98 48321.4
5.99 48204.763
6 48084.557
6.01 47960.817
6.02 47833.58
6.03 47702.883
6.04 47568.762
6.05 47431.256
6.06 47290.402
6.07 47146.237
6.08 46998.801
6.09 46848.133
6.1 46694.27
6.11 46537.253
6.12 46377.12
6.13 46213.912
6.14 46047.669
6.15 45878.431
6.16 45706.238
6.17 45531.132
6.18 45353.153
6.19 45172.342
6.2 44988.741
6.21 44802.391
6.22 44613.335
6.23 44421.613
6.24 44227.268
6.25 44030.342
6.26 43830.877
6.27 43628.916
6.28 43424.501
6.29 43217.675
6.3 43008.48
6.31 42796.96
6.32 42583.157
6.33 42367.115
6.34 42148.876
6.35 41928.484
6.36 41705.981
6.37 41481.411
6.38 41254.817
6.39 41026.242
6.4 40795.729
6.41 40563.323
6.42 40329.065
6.43 40092.999
6.44 39855.169
6.45 39615.618
6.46 39374.388
6.47 39131.523
6.48 38887.066
6.49 38641.06
6.5 38393.548
6.51 38144.573
6.52 37894.177
6.53 37642.404
6.54 37389.295
6.55 37134.894
6.56 36879.242
6.57 36622.383
6.58 36364.358
6.59 36105.21
6.6 35844.98
6.61 35583.71
6.62 35321.442
6.63 35058.217
6.64 34794.076
6.65 34529.062
6.66 34263.214
6.67 33996.574
6.68 33729.183
6.69 33461.08
6.7 33192.306
6.71 32922.902
6.72 32652.907
6.73 32382.361
6.74 32111.303
6.75 31839.773
6.76 31567.809
6.77 31295.451
6.78 31022.738
6.79 30749.706
6.8 30476.396
6.81 30202.844
6.82 29929.088
6.83 29655.167
6.84 29381.115
6.85 29106.972
6.86 28832.773
6.87 28558.554
6.88 28284.353
6.89 28010.204
6.9 27736.143
6.91 27462.205
6.92 27188.426
6.93 26914.841
6.94 26641.482
6.95 26368.385
6.96 26095.584
6.97 25823.112
6.98 25551.002
6.99 25279.287
7 25007.999
7.01 24737.172
7.02 24466.837
7.03 24197.025
7.04 23927.769
7.05 23659.098
7.06 23391.044
7.07 23123.637
7.08 22856.908
7.09 22590.885
7.1 22325.599
7.11 22061.078
7.12 21797.352
7.13 21534.447
7.14 21272.394
7.15 21011.219
7.16 20750.949
7.17 20491.613
7.18 20233.236
7.19 19975.844
7.2 19719.465
7.21 19464.123
7.22 19209.844
7.23 18956.653
7.24 18704.574
7.25 18453.633
7.26 18203.852
7.27 17955.255
7.28 17707.866
7.29 17461.707
7.3 17216.801
7.31 16973.17
7.32 16730.836
7.33 16489.821
7.34 16250.145
7.35 16011.83
7.36 15774.895
7.37 15539.361
7.38 15305.248
7.39 15072.574
7.4 14841.359
7.41 14611.622
7.42 14383.381
7.43 14156.653
7.44 13931.457
7.45 13707.809
7.46 13485.727
7.47 13265.226
7.48 13046.324
7.49 12829.036
7.5 12613.378
7.51 12399.364
7.52 12187.01
7.53 11976.33
7.54 11767.338
7.55 11560.047
7.56 11354.472
7.57 11150.625
7.58 10948.52
7.59 10748.167
7.6 10549.581
7.61 10352.771
7.62 10157.751
7.63 9964.5297
7.64 9773.1192
7.65 9583.5295
7.66 9395.7708
7.67 9209.8526
7.68 9025.7846
7.69 8843.5757
7.7 8663.2346
7.71 8484.7699
7.72 8308.1896
7.73 8133.5015
7.74 7960.7131
7.75 7789.8316
7.76 7620.8638
7.77 7453.8163
7.78 7288.6952
7.79 7125.5065
7.8 6964.2557
7.81 6804.9483
7.82 6647.5892
7.83 6492.183
7.84 6338.7343
7.85 6187.247
7.86 6037.7251
7.87 5890.172
7.88 5744.591
7.89 5600.985
7.9 5459.3567
7.91 5319.7084
7.92 5182.0422
7.93 5046.3599
7.94 4912.6632
7.95 4780.9531
7.96 4651.2308
7.97 4523.4969
7.98 4397.7519
7.99 4273.996
8 4152.229
8.01 4032.4507
8.02 3914.6605
8.03 3798.8574
8.04 3685.0405
8.05 3573.2083
8.06 3463.3592
8.07 3355.4914
8.08 3249.6027
8.09 3145.691
8.1 3043.7534
8.11 2943.7874
8.12 2845.7898
8.13 2749.7573
8.14 2655.6864
8.15 2563.5735
8.16 2473.4145
8.17 2385.2053
8.18 2298.9414
8.19 2214.6184
8.2 2132.2314
8.21 2051.7752
8.22 1973.2448
8.23 1896.6347
8.24 1821.9391
8.25 1749.1524
8.26 1678.2683
8.27 1609.2808
8.28 1542.1833
8.29 1476.9693
8.3 1413.6319
8.31 1352.1641
8.32 1292.5589
8.33 1234.8088
8.34 1178.9063
8.35 1124.8437
8.36 1072.6132
8.37 1022.2067
8.38 973.61596
8.39 926.83269
8.4 881.84834
8.41 838.65421
8.42 797.24148
8.43 757.60115
8.44 719.72407
8.45 683.60096
8.46 649.22238
8.47 616.57876
8.48 585.66038
8.49 556.45738
8.5 528.95978
8.51 503.15746
8.52 479.04017
8.53 456.59753
8.54 435.81904
8.55 416.69407
8.56 399.2119
8.57 383.36165
8.58 369.13236
8.59 356.51294
8.6 345.49219
8.61 336.05882
8.62 328.20142
8.63 321.90848
8.64 317.1684
8.65 313.96947
8.66 312.29989
8.67 312.14778
8.68 313.50115
8.69 316.34794
8.7 320.67599
8.71 326.47307
8.72 333.72685
8.73 342.42496
8.74 352.55491
8.75 364.10416
8.76 377.06011
8.77 391.41006
8.78 407.14127
8.79 424.24092
8.8 442.69614
8.81 462.49399
8.82 483.62148
8.83 506.06556
8.84 529.81312
8.85 554.85102
8.86 581.16605
8.87 608.74497
8.88 637.57447
8.89 667.64123
8.9 698.93187
8.91 731.43296
8.92 765.13107
8.93 800.0127
8.94 836.06434
8.95 873.27244
8.96 911.62341
8.97 951.10367
8.98 991.69958
8.99 1033.3975
9 1076.1837
9.01 1120.0446
9.02 1164.9664
9.03 1210.9355
9.04 1257.938
9.05 1305.9602
9.06 1354.9885
9.07 1405.0089
9.08 1456.0078
9.09 1507.9714
9.1 1560.886
9.11 1614.7376
9.12 1669.5126
9.13 1725.1972
9.14 1781.7777
9.15 1839.2402
9.16 1897.571
9.17 1956.7564
9.18 2016.7826
9.19 2077.636
9.2 2139.3028
9.21 2201.7694
9.22 2265.022
9.23 2329.047
9.24 2393.8308
9.25 2459.3598
9.26 2525.6203
9.27 2592.5989
9.28 2660.282
9.29 2728.6561
9.3 2797.7077
9.31 2867.4233
9.32 2937.7896
9.33 3008.7931
9.34 3080.4205
9.35 3152.6586
9.36 3225.4939
9.37 3298.9134
9.38 3372.9037
9.39 3447.4517
9.4 3522.5444
9.41 3598.1685
9.42 3674.3112
9.43 3750.9594
9.44 3828.1002
9.45 3905.7206
9.46 3983.8079
9.47 4062.3493
9.48 4141.3319
9.49 4220.7432
9.5 4300.5705
9.51 4380.8012
9.52 4461.4228
9.53 4542.4228
9.54 4623.7888
9.55 4705.5084
9.56 4787.5693
9.57 4869.9594
9.58 4952.6664
9.59 5035.6782
9.6 5118.9827
9.61 5202.568
9.62 5286.4222
9.63 5370.5333
9.64 5454.8896
9.65 5539.4793
9.66 5624.2909
9.67 5709.3126
9.68 5794.5329
9.69 5879.9405
9.7 5965.5239
9.71 6051.2718
9.72 6137.1729
9.73 6223.2161
9.74 6309.3903
9.75 6395.6844
9.76 6482.0875
9.77 6568.5887
9.78 6655.1772
9.79 6741.8423
9.8 6828.5733
9.81 6915.3596
9.82 7002.1908
9.83 7089.0564
9.84 7175.9461
9.85 7262.8496
9.86 7349.7567
9.87 7436.6573
9.88 7523.5414
9.89 7610.399
9.9 7697.2203
9.91 7783.9954
9.92 7870.7147
9.93 7957.3686
9.94 8043.9474
9.95 8130.4418
9.96 8216.8424
9.97 8303.1399
9.98 8389.325
9.99 8475.3886
10 8561.3217
