0 -1
0.01 -0.99408343
0.02 -0.97639595
0.03 -0.94712358
0.04 -0.90657408
0.05 -0.85517368
0.06 -0.79346239
0.07 -0.72208821
0.08 -0.6418001
0.09 -0.5534399
0.1 -0.45793324
0.11 -0.35627963
0.12 -0.24954167
0.13 -0.13883369
0.14 -0.025309867
0.15 0.089848068
0.16 0.20544338
0.17 0.32027698
0.18 0.43315999
0.19 0.54292622
0.2 0.64844427
0.21 0.74862923
0.22 0.84245374
0.23 0.92895845
0.24 1.0072616
0.25 1.0765677
0.26 1.1361755
0.27 1.185484
0.28 1.2239986
0.29 1.2513354
0.3 1.2672235
0.31 1.2715079
0.32 1.2641493
0.33 1.2452239
0.34 1.214921
0.35 1.1735406
0.36 1.1214884
0.37 1.0592711
0.38 0.98748982
0.39 0.90683265
0.4 0.81806686
0.41 0.72202989
0.42 0.61961998
0.43 0.51178612
0.44 0.39951781
0.45 0.28383434
0.46 0.16577412
0.47 0.046383818
0.48 -0.073292219
0.49 -0.19222248
0.5 -0.30939838
0.51 -0.42384393
0.52 -0.53462487
0.53 -0.64085712
0.54 -0.74171459
0.55 -0.83643611
0.56 -0.92433156
0.57 -1.0047871
0.58 -1.0772692
0.59 -1.1413284
0.6 -1.1966011
0.61 -1.2428111
0.62 -1.2797699
0.63 -1.307376
0.64 -1.3256134
0.65 -1.3345493
0.66 -1.3343302
0.67 -1.3251789
0.68 -1.3073886
0.69 -1.2813186
0.7 -1.2473876
0.71 -1.2060678
0.72 -1.1578781
0.73 -1.1033773
0.74 -1.0431566
0.75 -0.97783273
0.76 -0.90804074
0.77 -0.83442681
0.78 -0.75764144
0.79 -0.67833284
0.8 -0.59714064
0.81 -0.51469003
0.82 -0.4315864
0.83 -0.34841043
0.84 -0.26571378
0.85 -0.1840154
0.86 -0.10379839
0.87 -0.025507534
0.88 0.050452545
0.89 0.12371862
0.9 0.19396946
0.91 0.26092587
0.92 0.32435014
0.93 0.38404502
0.94 0.43985218
0.95 0.4916503
0.96 0.53935273
0.97 0.58290489
0.98 0.62228144
0.99 0.65748322
1 0.68853413
1.01 0.71547791
1.02 0.738375
1.03 0.75729939
1.04 0.77233569
1.05 0.78357634
1.06 0.79111904
1.07 0.79506446
1.08 0.79551436
1.09 0.79256986
1.1 0.78633027
1.11 0.77689214
1.12 0.76434882
1.13 0.74879031
1.14 0.73030349
1.15 0.70897279
1.16 0.68488107
1.17 0.65811088
1.18 0.62874598
1.19 0.59687302
1.2 0.56258348
1.21 0.52597563
1.22 0.48715669
1.23 0.44624484
1.24 0.40337136
1.25 0.35868248
1.26 0.31234127
1.27 0.26452913
1.28 0.21544715
1.29 0.16531709
1.3 0.114382
1.31 0.062906503
1.32 0.011176578
1.33 -0.040501048
1.34 -0.091800006
1.35 -0.14237586
1.36 -0.19186814
1.37 -0.2399029
1.38 -0.28609564
1.39 -0.33005474
1.4 -0.37138524
1.41 -0.40969302
1.42 -0.44458922
1.43 -0.475695
1.44 -0.50264642
1.45 -0.52509948
1.46 -0.54273524
1.47 -0.55526485
1.48 -0.5624346
1.49 -0.56403068
1.5 -0.55988379
1.51 -0.54987336
1.52 -0.5339314
1.53 -0.51204591
1.54 -0.48426367
1.55 -0.45069253
1.56 -0.41150296
1.57 -0.36692899
1.58 -0.3172683
1.59 -0.26288164
1.6 -0.20419141
1.61 -0.14167946
1.62 -0.075884025
1.63 -0.0073959894
1.64 0.063145739
1.65 0.13505952
1.66 0.20762698
1.67 0.28009967
1.68 0.35170628
1.69 0.42166037
1.7 0.48916852
1.71 0.55343879
1.72 0.61368951
1.73 0.66915807
1.74 0.71910991
1.75 0.76284727
1.76 0.79971792
1.77 0.82912352
1.78 0.85052757
1.79 0.8634629
1.8 0.86753857
1.81 0.86244605
1.82 0.8479646
1.83 0.82396584
1.84 0.79041733
1.85 0.74738518
1.86 0.6950356
1.87 0.63363537
1.88 0.56355121
1.89 0.48524798
1.9 0.39928579
1.91 0.30631599
1.92 0.20707605
1.93 0.10238346
1.94 -0.0068714789
1.95 -0.11973366
1.96 -0.23519213
1.97 -0.35218972
1.98 -0.46963343
1.99 -0.58640526
2 -0.70137356
2.01 -0.81340469
2.02 -0.92137476
2.03 -1.0241816
2.04 -1.1207564
2.05 -1.2100755
2.06 -1.2911714
2.07 -1.3631436
2.08 -1.4251689
2.09 -1.4765105
2.1 -1.5165268
2.11 -1.5446792
2.12 -1.5605382
2.13 -1.5637893
2.14 -1.5542376
2.15 -1.5318099
2.16 -1.4965576
2.17 -1.4486564
2.18 -1.3884057
2.19 -1.3162264
2.2 -1.2326576
2.21 -1.1383512
2.22 -1.0340668
2.23 -0.9206637
2.24 -0.79909321
2.25 -0.67038902
2.26 -0.53565717
2.27 -0.39606503
2.28 -0.25282964
2.29 -0.10720552
2.3 0.039527974
2.31 0.18607957
2.32 0.33115911
2.33 0.47349057
2.34 0.61182497
2.35 0.74495294
2.36 0.87171691
2.37 0.99102265
2.38 1.1018502
2.39 1.2032641
2.4 1.2944221
2.41 1.374584
2.42 1.443118
2.43 1.4995072
2.44 1.5433536
2.45 1.5743819
2.46 1.5924413
2.47 1.5975064
2.48 1.5896762
2.49 1.5691724
2.5 1.5363363
2.51 1.4916238
2.52 1.4356001
2.53 1.3689329
2.54 1.2923846
2.55 1.2068031
2.56 1.1131128
2.57 1.012304
2.58 0.90542209
2.59 0.79355594
2.6 0.67782654
2.61 0.55937488
2.62 0.43935004
2.63 0.31889725
2.64 0.19914617
2.65 0.08119956
2.66 -0.033877742
2.67 -0.14506913
2.68 -0.25141593
2.69 -0.35202636
2.7 -0.44608354
2.71 -0.53285262
2.72 -0.6116869
2.73 -0.68203286
2.74 -0.7434341
2.75 -0.79553418
2.76 -0.83807826
2.77 -0.87091364
2.78 -0.8939892
2.79 -0.90735366
2.8 -0.91115287
2.81 -0.90562603
2.82 -0.89110102
2.83 -0.86798878
2.84 -0.83677699
2.85 -0.79802302
2.86 -0.75234621
2.87 -0.70041979
2.88 -0.64296227
2.89 -0.58072863
2.9 -0.51450127
2.91 -0.44508102
2.92 -0.37327801
2.93 -0.29990284
2.94 -0.22575795
2.95 -0.15162932
2.96 -0.078278615
2.97 -0.0064358751
2.98 0.063207248
2.99 0.13000357
3 0.19335575
3.01 0.25272094
3.02 0.30761457
3.03 0.35761345
3.04 0.40235796
3.05 0.44155343
3.06 0.47497074
3.07 0.50244615
3.08 0.52388032
3.09 0.53923663
3.1 0.54853887
3.11 0.55186829
3.12 0.54936008
3.13 0.54119941
3.14 0.52761702
3.15 0.5088845
3.16 0.48530933
3.17 0.45722968
3.18 0.42500919
3.19 0.38903167
3.2 0.3496959
3.21 0.30741051
3.22 0.26258908
3.23 0.2156455
3.24 0.16698963
3.25 0.11702335
3.26 0.06613694
3.27 0.014705981
3.28 -0.036911326
3.29 -0.088376354
3.3 -0.13937175
3.31 -0.18960266
3.32 -0.23879745
3.33 -0.28670798
3.34 -0.33310944
3.35 -0.37779974
3.36 -0.42059861
3.37 -0.46134624
3.38 -0.49990176
3.39 -0.53614141
3.4 -0.56995659
3.41 -0.6012517
3.42 -0.62994205
3.43 -0.65595164
3.44 -0.67921105
3.45 -0.69965544
3.46 -0.71722269
3.47 -0.73185177
3.48 -0.74348129
3.49 -0.75204848
3.5 -0.75748832
3.51 -0.75973317
3.52 -0.75871261
3.53 -0.75435385
3.54 -0.74658232
3.55 -0.73532275
3.56 -0.72050061
3.57 -0.70204383
3.58 -0.6798849
3.59 -0.65396324
3.6 -0.62422773
3.61 -0.59063957
3.62 -0.55317517
3.63 -0.51182918
3.64 -0.46661753
3.65 -0.41758043
3.66 -0.36478529
3.67 -0.30832945
3.68 -0.24834272
3.69 -0.18498961
3.7 -0.11847116
3.71 -0.049026516
3.72 0.023066129
3.73 0.097488959
3.74 0.17388456
3.75 0.2518565
3.76 0.33097048
3.77 0.41075613
3.78 0.49070942
3.79 0.5702956
3.8 0.64895289
3.81 0.72609657
3.82 0.80112377
3.83 0.8734187
3.84 0.94235828
3.85 1.0073183
3.86 1.0676799
3.87 1.1228359
3.88 1.1721983
3.89 1.2152047
3.9 1.2513256
3.91 1.2800709
3.92 1.3009975
3.93 1.3137147
3.94 1.3178913
3.95 1.3132606
3.96 1.299626
3.97 1.2768654
3.98 1.2449351
3.99 1.2038728
4 1.1538002
4.01 1.0949242
4.02 1.0275374
4.03 0.9520178
4.04 0.86882754
4.05 0.77851025
4.06 0.6816879
4.07 0.57905649
4.08 0.47138081
4.09 0.35948835
4.1 0.24426235
4.11 0.12663405
4.12 0.0075742896
4.13 -0.11191559
4.14 -0.23081329
4.15 -0.34808563
4.16 -0.46269881
4.17 -0.57362904
4.18 -0.67987315
4.19 -0.78045918
4.2 -0.8744569
4.21 -0.96098796
4.22 -1.0392357
4.23 -1.1084544
4.24 -1.167978
4.25 -1.217228
4.26 -1.2557205
4.27 -1.2830724
4.28 -1.2990066
4.29 -1.3033559
4.3 -1.2960662
4.31 -1.2771977
4.32 -1.2469263
4.33 -1.2055419
4.34 -1.1534472
4.35 -1.0911539
4.36 -1.0192787
4.37 -0.93853729
4.38 -0.84973812
4.39 -0.75377416
4.4 -0.65161429
4.41 -0.54429369
4.42 -0.4329033
4.43 -0.31857872
4.44 -0.20248855
4.45 -0.085822206
4.46 0.030222419
4.47 0.14445159
4.48 0.25568828
4.49 0.36278469
4.5 0.46463443
4.51 0.56018434
4.52 0.64844576
4.53 0.7285052
4.54 0.79953411
4.55 0.86079788
4.56 0.91166377
4.57 0.95160776
4.58 0.98022027
4.59 0.99721061
4.6 1.0024101
4.61 0.99577413
4.62 0.97738236
4.63 0.94743814
4.64 0.90626624
4.65 0.85430936
4.66 0.79212335
4.67 0.72037127
4.68 0.63981618
4.69 0.55131295
4.7 0.45579909
4.71 0.3542846
4.72 0.24784122
4.73 0.13759091
4.74 0.024693847
4.75 -0.089663873
4.76 -0.20428288
4.77 -0.31796317
4.78 -0.42951679
4.79 -0.53778025
4.8 -0.64162664
4.81 -0.73997732
4.82 -0.83181298
4.83 -0.91618399
4.84 -0.99222001
4.85 -1.0591385
4.86 -1.1162526
4.87 -1.1629772
4.88 -1.198835
4.89 -1.22346
4.9 -1.236601
4.91 -1.2381228
4.92 -1.2280073
4.93 -1.206352
4.94 -1.1733682
4.95 -1.129378
4.96 -1.0748092
4.97 -1.0101907
4.98 -0.93614533
4.99 -0.8533825
5 -0.76269017
5.01 -0.66492566
5.02 -0.56100609
5.03 -0.45189823
5.04 -0.33860801
5.05 -0.22216977
5.06 -0.10363533
5.07 0.015936844
5.08 0.1354925
5.09 0.25399211
5.1 0.37042108
5.11 0.48379946
5.12 0.5931912
5.13 0.69771259
5.14 0.79654011
5.15 0.88891739
5.16 0.97416129
5.17 1.0516671
5.18 1.1209128
5.19 1.1814621
5.2 1.2329669
5.21 1.2751683
5.22 1.3078971
5.23 1.3310725
5.24 1.344701
5.25 1.3488736
5.26 1.343762
5.27 1.3296151
5.28 1.3067533
5.29 1.2755637
5.3 1.2364934
5.31 1.1900435
5.32 1.1367618
5.33 1.0772357
5.34 1.0120852
5.35 0.94195513
5.36 0.86750799
5.37 0.78941657
5.38 0.70835693
5.39 0.62500159
5.4 0.54001311
5.41 0.45403802
5.42 0.36770134
5.43 0.28160148
5.44 0.1963059
5.45 0.11234719
5.46 0.030219896
5.47 -0.049622009
5.48 -0.12676708
5.49 -0.20084766
5.5 -0.27154048
5.51 -0.33856677
5.52 -0.40169165
5.53 -0.46072307
5.54 -0.51551027
5.55 -0.56594175
5.56 -0.61194292
5.57 -0.65347333
5.58 -0.69052377
5.59 -0.72311306
5.6 -0.7512848
5.61 -0.775104
5.62 -0.79465376
5.63 -0.81003194
5.64 -0.82134806
5.65 -0.82872029
5.66 -0.8322727
5.67 -0.83213281
5.68 -0.82842939
5.69 -0.82129066
5.7 -0.81084278
5.71 -0.79720883
5.72 -0.78050808
5.73 -0.76085565
5.74 -0.73836263
5.75 -0.71313648
5.76 -0.6852818
5.77 -0.65490144
5.78 -0.62209783
5.79 -0.58697459
5.8 -0.5496383
5.81 -0.51020043
5.82 -0.46877935
5.83 -0.42550235
5.84 -0.38050764
5.85 -0.33394628
5.86 -0.28598398
5.87 -0.23680263
5.88 -0.18660169
5.89 -0.13559919
5.9 -0.084032473
5.91 -0.032158456
5.92 0.019746401
5.93 0.071386642
5.94 0.12244879
5.95 0.17260277
5.96 0.22150383
5.97 0.26879489
5.98 0.31410936
5.99 0.35707434
6 0.39731428
6.01 0.4344549
6.02 0.46812752
6.03 0.49797352
6.04 0.52364913
6.05 0.54483023
6.06 0.56121729
6.07 0.57254028
6.08 0.57856344
6.09 0.57908999
6.1 0.57396651
6.11 0.56308705
6.12 0.54639687
6.13 0.52389565
6.14 0.49564028
6.15 0.46174699
6.16 0.42239286
6.17 0.37781667
6.18 0.32831897
6.19 0.2742615
6.2 0.21606569
6.21 0.15421053
6.22 0.089229517
6.23 0.021706941
6.24 -0.047726664
6.25 -0.11839974
6.26 -0.18960565
6.27 -0.26060916
6.28 -0.33065362
6.29 -0.39896852
6.3 -0.4647775
6.31 -0.52730672
6.32 -0.58579339
6.33 -0.63949452
6.34 -0.6876956
6.35 -0.72971932
6.36 -0.76493403
6.37 -0.79276192
6.38 -0.81268683
6.39 -0.82426157
6.4 -0.82711458
6.41 -0.820956
6.42 -0.80558286
6.43 -0.78088349
6.44 -0.74684094
6.45 -0.70353548
6.46 -0.65114599
6.47 -0.58995032
6.48 -0.52032454
6.49 -0.44274106
6.5 -0.35776565
6.51 -0.26605339
6.52 -0.16834347
6.53 -0.065453037
6.54 0.041729979
6.55 0.15225492
6.56 0.26511731
6.57 0.37926852
6.58 0.49362601
6.59 0.60708422
6.6 0.71852575
6.61 0.82683297
6.62 0.93089968
6.63 1.0296429
6.64 1.1220145
6.65 1.2070127
6.66 1.2836931
6.67 1.3511793
6.68 1.4086728
6.69 1.4554625
6.7 1.4909325
6.71 1.5145706
6.72 1.5259738
6.73 1.5248538
6.74 1.5110416
6.75 1.4844899
6.76 1.4452749
6.77 1.3935966
6.78 1.3297776
6.79 1.2542609
6.8 1.1676064
6.81 1.0704857
6.82 0.96367594
6.83 0.84805278
6.84 0.72458177
6.85 0.59430911
6.86 0.45835129
6.87 0.31788407
6.88 0.17413075
6.89 0.028349931
6.9 -0.11817717
6.91 -0.26415963
6.92 -0.40830986
6.93 -0.54935663
6.94 -0.6860579
6.95 -0.81721342
6.96 -0.94167676
6.97 -1.0583669
6.98 -1.1662788
6.99 -1.264494
7 -1.3521888
7.01 -1.428643
7.02 -1.4932465
7.03 -1.545505
7.04 -1.5850446
7.05 -1.6116148
7.06 -1.6250905
7.07 -1.6254726
7.08 -1.6128867
7.09 -1.5875817
7.1 -1.5499255
7.11 -1.5004013
7.12 -1.4396008
7.13 -1.3682177
7.14 -1.2870398
7.15 -1.1969399
7.16 -1.0988658
7.17 -0.99383038
7.18 -0.88290005
7.19 -0.76718357
7.2 -0.64782005
7.21 -0.52596696
7.22 -0.40278807
7.23 -0.27944143
7.24 -0.15706758
7.25 -0.036778118
7.26 0.080355309
7.27 0.19331139
7.28 0.30112885
7.29 0.40291541
7.3 0.49785576
7.31 0.58521869
7.32 0.66436316
7.33 0.73474322
7.34 0.79591192
7.35 0.84752402
7.36 0.88933757
7.37 0.9212143
7.38 0.94311892
7.39 0.95511729
7.4 0.95737349
7.41 0.95014597
7.42 0.93378259
7.43 0.90871496
7.44 0.87545188
7.45 0.83457209
7.46 0.78671643
7.47 0.73257951
7.48 0.67290099
7.49 0.60845654
7.5 0.54004868
7.51 0.4684975
7.52 0.39463153
7.53 0.31927864
7.54 0.24325732
7.55 0.16736821
7.56 0.092386201
7.57 0.019052915
7.58 -0.051930074
7.59 -0.11990743
7.6 -0.18427548
7.61 -0.24448692
7.62 -0.30005466
7.63 -0.35055488
7.64 -0.39562925
7.65 -0.43498631
7.66 -0.46840203
7.67 -0.49571954
7.68 -0.51684814
7.69 -0.53176152
7.7 -0.54049535
7.71 -0.5431442
7.72 -0.53985795
7.73 -0.53083761
7.74 -0.51633084
7.75 -0.49662703
7.76 -0.47205219
7.77 -0.44296356
7.78 -0.40974424
7.79 -0.37279768
7.8 -0.33254231
7.81 -0.28940621
7.82 -0.24382206
7.83 -0.19622231
7.84 -0.14703463
7.85 -0.096677789
7.86 -0.045557914
7.87 0.0059348137
7.88 0.057428976
7.89 0.10857425
7.9 0.15904323
7.91 0.20853277
7.92 0.25676481
7.93 0.30348672
7.94 0.34847121
7.95 0.39151577
7.96 0.43244179
7.97 0.47109325
7.98 0.50733514
7.99 0.54105168
8 0.57214426
8.01 0.60052929
8.02 0.62613598
8.03 0.64890406
8.04 0.66878157
8.05 0.68572272
8.06 0.6996859
8.07 0.71063188
8.08 0.71852229
8.09 0.72331829
8.1 0.72497962
8.11 0.72346401
8.12 0.71872685
8.13 0.71072133
8.14 0.69939891
8.15 0.68471016
8.16 0.66660598
8.17 0.64503917
8.18 0.61996627
8.19 0.59134976
8.2 0.55916044
8.21 0.52338005
8.22 0.48400405
8.23 0.44104445
8.24 0.39453271
8.25 0.34452266
8.26 0.29109324
8.27 0.23435115
8.28 0.17443333
8.29 0.11150907
8.3 0.045781879
8.31 -0.022509071
8.32 -0.093087944
8.33 -0.16564169
8.34 -0.23982005
8.35 -0.31523606
8.36 -0.39146718
8.37 -0.468057
8.38 -0.54451753
8.39 -0.6203321
8.4 -0.6949588
8.41 -0.7678346
8.42 -0.83837983
8.43 -0.90600334
8.44 -0.97010792
8.45 -1.0300963
8.46 -1.0853773
8.47 -1.1353725
8.48 -1.1795225
8.49 -1.2172942
8.5 -1.2481872
8.51 -1.2717409
8.52 -1.2875405
8.53 -1.2952238
8.54 -1.2944868
8.55 -1.2850895
8.56 -1.2668607
8.57 -1.2397023
8.58 -1.2035932
8.59 -1.1585924
8.6 -1.1048408
8.61 -1.0425628
8.62 -0.97206659
8.63 -0.89374366
8.64 -0.8080674
8.65 -0.71559066
8.66 -0.61694234
8.67 -0.51282309
8.68 -0.40400012
8.69 -0.29130106
8.7 -0.17560704
8.71 -0.05784503
8.72 0.061020582
8.73 0.17999694
8.74 0.29807222
8.75 0.4142256
8.76 0.52743739
8.77 0.63669957
8.78 0.74102621
8.79 0.83946398
8.8 0.93110244
8.81 1.0150841
8.82 1.0906139
8.83 1.1569687
8.84 1.2135052
8.85 1.2596683
8.86 1.2949973
8.87 1.3191325
8.88 1.33182
8.89 1.3329154
8.9 1.3223868
8.91 1.300316
8.92 1.2668994
8.93 1.2224467
8.94 1.1673789
8.95 1.102225
8.96 1.0276176
8.97 0.94428661
8.98 0.85305318
8.99 0.75482133
9 0.65056928
9.01 0.54133969
9.02 0.42822923
9.03 0.31237737
9.04 0.19495472
9.05 0.077150886
9.06 -0.039837864
9.07 -0.15482119
9.08 -0.2666272
9.09 -0.37411484
9.1 -0.47618609
9.11 -0.57179761
9.12 -0.65997197
9.13 -0.73980813
9.14 -0.8104912
9.15 -0.8713012
9.16 -0.9216209
9.17 -0.96094252
9.18 -0.9888733
9.19 -1.0051398
9.2 -1.0095908
9.21 -1.0021994
9.22 -0.98306264
9.23 -0.95240132
9.24 -0.91055711
9.25 -0.85798913
9.26 -0.79526897
9.27 -0.72307455
9.28 -0.6421829
9.29 -0.55346171
9.3 -0.4578601
9.31 -0.35639838
9.32 -0.25015711
9.33 -0.14026559
9.34 -0.027889736
9.35 0.085780293
9.36 0.19954277
9.37 0.31219709
9.38 0.42255648
9.39 0.52946039
9.4 0.63178665
9.41 0.7284631
9.42 0.81847865
9.43 0.90089355
9.44 0.97484892
9.45 1.0395753
9.46 1.0944002
9.47 1.1387544
9.48 1.1721774
9.49 1.1943216
9.5 1.2049547
9.51 1.2039615
9.52 1.1913443
9.53 1.1672217
9.54 1.1318266
9.55 1.0855023
9.56 1.0286986
9.57 0.96196554
9.58 0.88594696
9.59 0.80137291
9.6 0.70905113
9.61 0.60985791
9.62 0.50472829
9.63 0.3946458
9.64 0.28063177
9.65 0.1637345
9.66 0.04501815
9.67 -0.074448217
9.68 -0.19360156
9.69 -0.31139548
9.7 -0.42681054
9.71 -0.53886403
9.72 -0.64661922
9.73 -0.74919394
9.74 -0.84576835
9.75 -0.93559193
9.76 -1.0179896
9.77 -1.0923668
9.78 -1.1582138
9.79 -1.2151085
9.8 -1.2627192
9.81 -1.3008051
9.82 -1.3292166
9.83 -1.3478947
9.84 -1.3568686
9.85 -1.3562535
9.86 -1.3462468
9.87 -1.3271236
9.88 -1.2992318
9.89 -1.2629863
9.9 -1.2188626
9.91 -1.1673903
9.92 -1.1091458
9.93 -1.0447453
9.94 -0.9748366
9.95 -0.90009228
9.96 -0.82120159
9.97 -0.7388632
9.98 -0.6537779
9.99 -0.56664162
10 -0.47813884


0 1
0.01 0.99605605
0.02 0.98427087
0.03 0.96478379
0.04 0.93782503
0.05 0.90371264
0.06 0.86284833
0.07 0.81571219
0.08 0.7628564
0.09 0.70489798
0.1 0.64251068
0.11 0.57641621
0.12 0.50737474
0.13 0.43617498
0.14 0.36362391
0.15 0.29053625
0.16 0.21772386
0.17 0.14598521
0.18 0.076095057
0.19 0.0087944549
0.2 -0.055218767
0.21 -0.11529891
0.22 -0.17086062
0.23 -0.22138621
0.24 -0.26643214
0.25 -0.30563442
0.26 -0.33871296
0.27 -0.36547474
0.28 -0.38581589
0.29 -0.3997224
0.3 -0.40726981
0.31 -0.4086215
0.32 -0.40402595
0.33 -0.3938127
0.34 -0.37838736
0.35 -0.35822552
0.36 -0.33386568
0.37 -0.30590144
0.38 -0.27497286
0.39 -0.24175723
0.4 -0.20695939
0.41 -0.17130159
0.42 -0.13551321
0.43 -0.10032036
0.44 -0.066435538
0.45 -0.034547477
0.46 -0.0053113464
0.47 0.020660596
0.48 0.042807755
0.49 0.060629229
0.5 0.073691026
0.51 0.081632356
0.52 0.08417091
0.53 0.081107076
0.54 0.072327001
0.55 0.057804485
0.56 0.037601669
0.57 0.011868505
0.58 -0.019158979
0.59 -0.055161602
0.6 -0.095741101
0.61 -0.14042529
0.62 -0.18867426
0.63 -0.23988746
0.64 -0.29341175
0.65 -0.34855003
0.66 -0.4045706
0.67 -0.46071702
0.68 -0.51621825
0.69 -0.57029909
0.7 -0.62219067
0.71 -0.67114092
0.72 -0.71642479
0.73 -0.75735419
0.74 -0.79328741
0.75 -0.82363799
0.76 -0.84788284
0.77 -0.86556956
0.78 -0.87632281
0.79 -0.87984969
0.8 -0.87594401
0.81 -0.86448946
0.82 -0.84546155
0.83 -0.81892835
0.84 -0.78505
0.85 -0.74407704
0.86 -0.69634749
0.87 -0.64228281
0.88 -0.58238269
0.89 -0.51721891
0.9 -0.44742817
0.91 -0.37370403
0.92 -0.2967882
0.93 -0.21746109
0.94 -0.13653193
0.95 -0.054828447
0.96 0.026813677
0.97 0.10756143
0.98 0.18659506
0.99 0.26311852
1 0.33636957
1.01 0.40562938
1.02 0.47023162
1.03 0.52957081
1.04 0.58310986
1.05 0.63038671
1.06 0.67101992
1.07 0.70471324
1.08 0.73125903
1.09 0.75054043
1.1 0.76253246
1.11 0.76730176
1.12 0.76500516
1.13 0.75588709
1.14 0.74027577
1.15 0.71857834
1.16 0.69127489
1.17 0.6589116
1.18 0.62209293
1.19 0.58147313
1.2 0.53774705
1.21 0.49164045
1.22 0.44389988
1.23 0.39528239
1.24 0.34654503
1.25 0.29843444
1.26 0.25167658
1.27 0.20696678
1.28 0.16496023
1.29 0.12626304
1.3 0.091423963
1.31 0.060926953
1.32 0.035184631
1.33 0.014532707
1.34 -0.00077450983
1.35 -0.010567478
1.36 -0.014763624
1.37 -0.013368342
1.38 -0.0064747711
1.39 0.0057376216
1.4 0.023005664
1.41 0.044986248
1.42 0.071261206
1.43 0.10134322
1.44 0.1346827
1.45 0.17067551
1.46 0.20867145
1.47 0.24798343
1.48 0.28789709
1.49 0.32768086
1.5 0.36659624
1.51 0.40390825
1.52 0.4388958
1.53 0.47086187
1.54 0.49914347
1.55 0.52312104
1.56 0.54222743
1.57 0.55595601
1.58 0.56386813
1.59 0.5655996
1.6 0.56086617
1.61 0.54946795
1.62 0.53129278
1.63 0.50631828
1.64 0.47461278
1.65 0.43633507
1.66 0.39173282
1.67 0.34113991
1.68 0.28497251
1.69 0.22372415
1.7 0.1579596
1.71 0.08830794
1.72 0.015454653
1.73 -0.059867026
1.74 -0.1368854
1.75 -0.21480014
1.76 -0.29279252
1.77 -0.37003589
1.78 -0.44570632
1.79 -0.51899316
1.8 -0.58910949
1.81 -0.65530227
1.82 -0.71686198
1.83 -0.77313184
1.84 -0.82351615
1.85 -0.86748805
1.86 -0.90459615
1.87 -0.93447038
1.88 -0.95682661
1.89 -0.97147022
1.9 -0.97829849
1.91 -0.97730173
1.92 -0.96856327
1.93 -0.95225813
1.94 -0.92865054
1.95 -0.89809031
1.96 -0.86100802
1.97 -0.81790917
1.98 -0.76936739
1.99 -0.71601669
2 -0.65854302
2.01 -0.59767508
2.02 -0.5341746
2.03 -0.46882625
2.04 -0.40242722
2.05 -0.33577668
2.06 -0.26966523
2.07 -0.20486453
2.08 -0.14211716
2.09 -0.08212693
2.1 -0.025549723
2.11 0.027014969
2.12 0.075031752
2.13 0.11803614
2.14 0.15564038
2.15 0.18753825
2.16 0.21350869
2.17 0.23341832
2.18 0.24722272
2.19 0.25496653
2.2 0.25678229
2.21 0.25288814
2.22 0.2435843
2.23 0.22924844
2.24 0.21033006
2.25 0.1873438
2.26 0.16086192
2.27 0.13150602
2.28 0.099938002
2.29 0.066850596
2.3 0.032957377
2.31 -0.0010174449
2.32 -0.034349398
2.33 -0.066324121
2.34 -0.096247594
2.35 -0.12345609
2.36 -0.14732573
2.37 -0.16728145
2.38 -0.18280534
2.39 -0.19344422
2.4 -0.19881627
2.41 -0.19861674
2.42 -0.19262257
2.43 -0.18069597
2.44 -0.16278671
2.45 -0.13893332
2.46 -0.10926305
2.47 -0.073990579
2.48 -0.03341557
2.49 0.012080969
2.5 0.062041428
2.51 0.1159374
2.52 0.17317646
2.53 0.23310983
2.54 0.29504085
2.55 0.35823407
2.56 0.42192495
2.57 0.48532996
2.58 0.54765693
2.59 0.60811559
2.6 0.66592811
2.61 0.72033945
2.62 0.77062752
2.63 0.81611283
2.64 0.8561677
2.65 0.89022468
2.66 0.9177843
2.67 0.9384219
2.68 0.95179342
2.69 0.95764023
2.7 0.95579278
2.71 0.94617308
2.72 0.92879601
2.73 0.90376937
2.74 0.87129274
2.75 0.83165506
2.76 0.78523116
2.77 0.73247701
2.78 0.67392401
2.79 0.61017223
2.8 0.54188279
2.81 0.4697694
2.82 0.39458922
2.83 0.31713316
2.84 0.23821577
2.85 0.15866476
2.86 0.079310442
2.87 0.00097506505
2.88 -0.075537653
2.89 -0.14945278
2.9 -0.22003402
2.91 -0.286593
2.92 -0.34849797
2.93 -0.40518168
2.94 -0.45614838
2.95 -0.50097992
2.96 -0.53934073
2.97 -0.57098172
2.98 -0.59574302
2.99 -0.61355552
3 -0.6244412
3.01 -0.6285122
3.02 -0.62596874
3.03 -0.6170958
3.04 -0.60225876
3.05 -0.58189785
3.06 -0.55652172
3.07 -0.52669999
3.08 -0.49305513
3.09 -0.45625349
3.1 -0.41699589
3.11 -0.3760077
3.12 -0.33402859
3.13 -0.29180217
3.14 -0.25006555
3.15 -0.20953903
3.16 -0.17091604
3.17 -0.13485344
3.18 -0.1019624
3.19 -0.072799847
3.2 -0.047860709
3.21 -0.02757103
3.22 -0.012282008
3.23 -0.0022650992
3.24 0.0022917984
3.25 0.0012869917
3.26 -0.0052935431
3.27 -0.017375909
3.28 -0.034799247
3.29 -0.0573179
3.3 -0.084604747
3.31 -0.11625566
3.32 -0.15179502
3.33 -0.19068227
3.34 -0.23231928
3.35 -0.27605863
3.36 -0.3212125
3.37 -0.36706215
3.38 -0.41286787
3.39 -0.4578792
3.4 -0.5013454
3.41 -0.54252581
3.42 -0.58070024
3.43 -0.61517904
3.44 -0.64531277
3.45 -0.6705014
3.46 -0.69020282
3.47 -0.7039406
3.48 -0.71131093
3.49 -0.71198851
3.5 -0.7057315
3.51 -0.69238529
3.52 -0.67188513
3.53 -0.64425758
3.54 -0.60962074
3.55 -0.56818321
3.56 -0.52024191
3.57 -0.46617867
3.58 -0.4064557
3.59 -0.34160999
3.6 -0.27224669
3.61 -0.1990316
3.62 -0.12268278
3.63 -0.043961554
3.64 0.036337155
3.65 0.1173949
3.66 0.19838015
3.67 0.27845882
3.68 0.356805
3.69 0.43261142
3.7 0.50509976
3.71 0.57353059
3.72 0.63721276
3.73 0.69551221
3.74 0.74785991
3.75 0.7937591
3.76 0.83279148
3.77 0.86462235
3.78 0.88900471
3.79 0.90578213
3.8 0.91489049
3.81 0.91635847
3.82 0.91030679
3.83 0.89694628
3.84 0.87657471
3.85 0.84957258
3.86 0.81639766
3.87 0.77757867
3.88 0.73370797
3.89 0.68543339
3.9 0.63344939
3.91 0.57848763
3.92 0.52130701
3.93 0.46268345
3.94 0.40339937
3.95 0.34423325
3.96 0.2859491
3.97 0.22928635
3.98 0.17494992
3.99 0.12360091
4 0.075847815
4.01 0.032238589
4.02 -0.0067465659
4.03 -0.040701396
4.04 -0.069298795
4.05 -0.092294908
4.06 -0.10953209
4.07 -0.12094066
4.08 -0.1265395
4.09 -0.12643537
4.1 -0.12082106
4.11 -0.10997235
4.12 -0.094243827
4.13 -0.074063659
4.14 -0.049927294
4.15 -0.022390288
4.16 0.0079397087
4.17 0.04041168
4.18 0.074340571
4.19 0.10901709
4.2 0.14371783
4.21 0.1777156
4.22 0.21028986
4.23 0.24073694
4.24 0.26838024
4.25 0.29257986
4.26 0.31274187
4.27 0.32832695
4.28 0.33885825
4.29 0.3439284
4.3 0.34320565
4.31 0.33643894
4.32 0.32346187
4.33 0.30419553
4.34 0.27865017
4.35 0.24692562
4.36 0.20921052
4.37 0.16578033
4.38 0.11699415
4.39 0.063290421
4.4 0.0051815259
4.41 -0.056752637
4.42 -0.12187198
4.43 -0.18948441
4.44 -0.25885469
4.45 -0.32921397
4.46 -0.39976973
4.47 -0.4697161
4.48 -0.5382444
4.49 -0.60455367
4.5 -0.66786122
4.51 -0.72741289
4.52 -0.78249298
4.53 -0.83243369
4.54 -0.87662393
4.55 -0.91451743
4.56 -0.94563997
4.57 -0.96959565
4.58 -0.98607222
4.59 -0.99484522
4.6 -0.99578105
4.61 -0.98883875
4.62 -0.97407066
4.63 -0.95162179
4.64 -0.92172799
4.65 -0.88471295
4.66 -0.840984
4.67 -0.79102686
4.68 -0.73539931
4.69 -0.67472396
4.7 -0.60968018
4.71 -0.54099522
4.72 -0.46943483
4.73 -0.39579324
4.74 -0.32088293
4.75 -0.24552407
4.76 -0.17053391
4.77 -0.096716235
4.78 -0.024851036
4.79 0.044315513
4.8 0.11008059
4.81 0.17179364
4.82 0.22886462
4.83 0.28077136
4.84 0.32706606
4.85 0.36738067
4.86 0.40143134
4.87 0.42902159
4.88 0.45004434
4.89 0.4644828
4.9 0.47241001
4.91 0.4739873
4.92 0.46946143
4.93 0.45916072
4.94 0.44348997
4.95 0.42292439
4.96 0.39800264
4.97 0.36931888
4.98 0.33751428
4.99 0.30326773
5 0.26728612
5.01 0.23029429
5.02 0.19302469
5.03 0.15620699
5.04 0.12055771
5.05 0.086770089
5.06 0.055504231
5.07 0.027377763
5.08 0.0029570539
5.09 -0.017250838
5.1 -0.032805407
5.11 -0.043339022
5.12 -0.048562239
5.13 -0.048268041
5.14 -0.04233494
5.15 -0.030728905
5.16 -0.013504081
5.17 0.0091977016
5.18 0.037148631
5.19 0.0700378
5.2 0.10747524
5.21 0.14899704
5.22 0.19407153
5.23 0.24210634
5.24 0.29245635
5.25 0.34443241
5.26 0.39731058
5.27 0.45034197
5.28 0.50276294
5.29 0.55380541
5.3 0.60270744
5.31 0.64872359
5.32 0.69113519
5.33 0.72926025
5.34 0.76246287
5.35 0.79016213
5.36 0.81184017
5.37 0.82704953
5.38 0.83541953
5.39 0.83666164
5.4 0.83057377
5.41 0.81704342
5.42 0.79604963
5.43 0.76766379
5.44 0.73204908
5.45 0.68945884
5.46 0.64023367
5.47 0.58479738
5.48 0.52365182
5.49 0.45737073
5.5 0.38659253
5.51 0.31201238
5.52 0.23437337
5.53 0.15445712
5.54 0.073073917
5.55 -0.0089476571
5.56 -0.090771205
5.57 -0.17156318
5.58 -0.25050348
5.59 -0.32679588
5.6 -0.39967811
5.61 -0.46843157
5.62 -0.53239029
5.63 -0.59094942
5.64 -0.64357268
5.65 -0.68979904
5.66 -0.72924837
5.67 -0.76162596
5.68 -0.78672599
5.69 -0.8044337
5.7 -0.81472648
5.71 -0.81767367
5.72 -0.8134351
5.73 -0.80225852
5.74 -0.78447582
5.75 -0.76049812
5.76 -0.73080985
5.77 -0.69596186
5.78 -0.65656366
5.79 -0.61327484
5.8 -0.56679597
5.81 -0.51785884
5.82 -0.46721636
5.83 -0.41563225
5.84 -0.36387053
5.85 -0.31268507
5.86 -0.26280935
5.87 -0.21494641
5.88 -0.16975941
5.89 -0.12786256
5.9 -0.089812895
5.91 -0.056102789
5.92 -0.027153345
5.93 -0.0033088218
5.94 0.015167901
5.95 0.028098728
5.96 0.035392585
5.97 0.037046447
5.98 0.033145166
5.99 0.023860075
6 0.0094464099
6.01 -0.0097604282
6.02 -0.033349717
6.03 -0.060841293
6.04 -0.091692395
6.05 -0.12530536
6.06 -0.16103612
6.07 -0.19820328
6.08 -0.23609776
6.09 -0.27399287
6.1 -0.31115453
6.11 -0.34685172
6.12 -0.38036682
6.13 -0.41100586
6.14 -0.43810837
6.15 -0.46105691
6.16 -0.47928591
6.17 -0.49228992
6.18 -0.49963098
6.19 -0.50094515
6.2 -0.49594802
6.21 -0.48443915
6.22 -0.46630538
6.23 -0.441523
6.24 -0.41015865
6.25 -0.37236908
6.26 -0.32839962
6.27 -0.27858151
6.28 -0.22332803
6.29 -0.16312953
6.3 -0.098547444
6.31 -0.030207248
6.32 0.041209343
6.33 0.11497302
6.34 0.19031618
6.35 0.26644271
6.36 0.34253821
6.37 0.41778048
6.38 0.49135013
6.39 0.56244114
6.4 0.63027129
6.41 0.69409231
6.42 0.75319954
6.43 0.8069411
6.44 0.85472627
6.45 0.89603323
6.46 0.9304157
6.47 0.95750879
6.48 0.97703361
6.49 0.98880087
6.5 0.99271325
6.51 0.98876656
6.52 0.9770497
6.53 0.95774335
6.54 0.93111753
6.55 0.89752789
6.56 0.85741098
6.57 0.81127836
6.58 0.75970981
6.59 0.70334563
6.6 0.64287809
6.61 0.57904232
6.62 0.51260658
6.63 0.4443621
6.64 0.3751127
6.65 0.30566422
6.66 0.23681397
6.67 0.16934029
6.68 0.10399244
6.69 0.041480871
6.7 -0.017531938
6.71 -0.072440008
6.72 -0.12270156
6.73 -0.16784588
6.74 -0.20747914
6.75 -0.24128924
6.76 -0.26904948
6.77 -0.29062111
6.78 -0.3059546
6.79 -0.31508982
6.8 -0.31815487
6.81 -0.31536382
6.82 -0.30701322
6.83 -0.2934775
6.84 -0.27520334
6.85 -0.25270303
6.86 -0.22654696
6.87 -0.19735535
6.88 -0.16578922
6.89 -0.13254094
6.9 -0.098324242
6.91 -0.063863997
6.92 -0.029885876
6.93 0.002894053
6.94 0.033779551
6.95 0.062104178
6.96 0.08724084
6.97 0.1086108
6.98 0.12569204
6.99 0.1380268
7 0.14522831
7.01 0.14698645
7.02 0.1430725
7.03 0.13334259
7.04 0.1177402
7.05 0.096297277
7.06 0.069134233
7.07 0.036458739
7.08 -0.0014367306
7.09 -0.044178485
7.1 -0.091316337
7.11 -0.14232937
7.12 -0.19663269
7.13 -0.25358507
7.14 -0.31249736
7.15 -0.37264162
7.16 -0.43326071
7.17 -0.49357844
7.18 -0.55280985
7.19 -0.61017179
7.2 -0.66489335
7.21 -0.71622632
7.22 -0.76345522
7.23 -0.80590704
7.24 -0.84296035
7.25 -0.87405381
7.26 -0.89869385
7.27 -0.91646151
7.28 -0.92701825
7.29 -0.93011079
7.3 -0.92557472
7.31 -0.91333703
7.32 -0.8934174
7.33 -0.86592826
7.34 -0.83107366
7.35 -0.78914686
7.36 -0.74052684
7.37 -0.68567361
7.38 -0.62512245
7.39 -0.55947717
7.4 -0.48940251
7.41 -0.41561566
7.42 -0.33887713
7.43 -0.25998108
7.44 -0.17974512
7.45 -0.09899995
7.46 -0.018578668
7.47 0.060693798
7.48 0.13801123
7.49 0.21259635
7.5 0.28371071
7.51 0.35066398
7.52 0.41282264
7.53 0.46961792
7.54 0.52055277
7.55 0.56520801
7.56 0.6032473
7.57 0.63442109
7.58 0.65856934
7.59 0.67562312
7.6 0.68560489
7.61 0.68862768
7.62 0.68489293
7.63 0.67468725
7.64 0.65837805
7.65 0.63640797
7.66 0.60928851
7.67 0.57759256
7.68 0.54194625
7.69 0.50302006
7.7 0.46151933
7.71 0.41817436
7.72 0.37373019
7.73 0.32893615
7.74 0.28453549
7.75 0.24125499
7.76 0.19979493
7.77 0.16081932
7.78 0.12494679
7.79 0.092742007
7.8 0.064707865
7.81 0.041278595
7.82 0.022813762
7.83 0.0095933281
7.84 0.0018138121
7.85 -0.00041440172
7.86 0.0029314386
7.87 0.011786163
7.88 0.025997602
7.89 0.045328716
7.9 0.069460884
7.91 0.097998339
7.92 0.13047365
7.93 0.16635422
7.94 0.20504966
7.95 0.24592
7.96 0.28828457
7.97 0.33143149
7.98 0.37462755
7.99 0.41712845
8 0.45818918
8.01 0.49707449
8.02 0.53306917
8.03 0.56548815
8.04 0.59368616
8.05 0.61706691
8.06 0.63509166
8.07 0.64728693
8.08 0.65325142
8.09 0.652662
8.1 0.6452786
8.11 0.630948
8.12 0.60960648
8.13 0.58128132
8.14 0.54609094
8.15 0.50424402
8.16 0.45603723
8.17 0.40185187
8.18 0.34214937
8.19 0.27746569
8.2 0.2084047
8.21 0.13563072
8.22 0.059860132
8.23 -0.018147617
8.24 -0.097599657
8.25 -0.17767976
8.26 -0.25755877
8.27 -0.33640515
8.28 -0.41339565
8.29 -0.48772581
8.3 -0.55862029
8.31 -0.62534277
8.32 -0.68720532
8.33 -0.74357726
8.34 -0.7938931
8.35 -0.83765976
8.36 -0.87446277
8.37 -0.90397142
8.38 -0.92594287
8.39 -0.94022504
8.4 -0.94675832
8.41 -0.94557609
8.42 -0.93680397
8.43 -0.92065789
8.44 -0.89744092
8.45 -0.86753905
8.46 -0.83141577
8.47 -0.78960574
8.48 -0.74270741
8.49 -0.69137495
8.5 -0.63630936
8.51 -0.57824901
8.52 -0.51795968
8.53 -0.45622436
8.54 -0.39383269
8.55 -0.33157048
8.56 -0.27020922
8.57 -0.21049589
8.58 -0.15314305
8.59 -0.098819463
8.6 -0.048141338
8.61 -0.001664302
8.62 0.040123795
8.63 0.076809125
8.64 0.10805711
8.65 0.13361657
8.66 0.15332268
8.67 0.16709882
8.68 0.17495714
8.69 0.17699793
8.7 0.17340783
8.71 0.16445681
8.72 0.15049397
8.73 0.13194242
8.74 0.10929291
8.75 0.083096782
8.76 0.053957901
8.77 0.022523976
8.78 -0.010522759
8.79 -0.044475325
8.8 -0.07861213
8.81 -0.11220729
8.82 -0.14454101
8.83 -0.17490991
8.84 -0.20263711
8.85 -0.22708195
8.86 -0.24764926
8.87 -0.26379796
8.88 -0.27504896
8.89 -0.28099224
8.9 -0.28129295
8.91 -0.27569649
8.92 -0.26403255
8.93 -0.24621796
8.94 -0.22225836
8.95 -0.19224866
8.96 -0.1563723
8.97 -0.1148993
8.98 -0.068183073
8.99 -0.016656202
9 0.039174978
9.01 0.098736739
9.02 0.16139529
9.03 0.22646489
9.04 0.29321677
9.05 0.36088855
9.06 0.42869421
9.07 0.4958344
9.08 0.5615069
9.09 0.62491722
9.1 0.68528909
9.11 0.7418747
9.12 0.79396464
9.13 0.84089735
9.14 0.88206789
9.15 0.91693606
9.16 0.94503362
9.17 0.96597059
9.18 0.97944054
9.19 0.98522479
9.2 0.98319538
9.21 0.97331697
9.22 0.95564744
9.23 0.93033727
9.24 0.89762773
9.25 0.85784787
9.26 0.81141032
9.27 0.75880604
9.28 0.70059804
9.29 0.63741407
9.3 0.56993861
9.31 0.49890396
9.32 0.42508087
9.33 0.34926852
9.34 0.27228424
9.35 0.19495299
9.36 0.11809671
9.37 0.042523794
9.38 -0.030981293
9.39 -0.10166803
9.4 -0.1688294
9.41 -0.23181083
9.42 -0.29001842
9.43 -0.3429264
9.44 -0.39008355
9.45 -0.4311187
9.46 -0.46574512
9.47 -0.49376377
9.48 -0.51506535
9.49 -0.52963114
9.5 -0.53753268
9.51 -0.53893012
9.52 -0.53406951
9.53 -0.52327885
9.54 -0.50696304
9.55 -0.48559789
9.56 -0.45972305
9.57 -0.42993422
9.58 -0.39687454
9.59 -0.36122533
9.6 -0.32369646
9.61 -0.28501617
9.62 -0.24592079
9.63 -0.20714434
9.64 -0.16940816
9.65 -0.1334107
9.66 -0.099817734
9.67 -0.069252941
9.68 -0.042289121
9.69 -0.019440108
9.7 -0.0011535081
9.71 0.012195654
9.72 0.020310283
9.73 0.022975481
9.74 0.020061688
9.75 0.011526641
9.76 -0.0025838679
9.77 -0.022136447
9.78 -0.046911771
9.79 -0.076607435
9.8 -0.11084195
9.81 -0.14915983
9.82 -0.19103775
9.83 -0.23589153
9.84 -0.28308414
9.85 -0.3319343
9.86 -0.38172575
9.87 -0.43171706
9.88 -0.48115177
9.89 -0.52926875
9.9 -0.57531268
9.91 -0.61854449
9.92 -0.65825154
9.93 -0.69375754
9.94 -0.724432
9.95 -0.74969904
9.96 -0.76904554
9.97 -0.78202845
9.98 -0.78828116
9.99 -0.7875189
10 -0.77954301


0 1
0.01 0.99802608
0.02 0.99210435
0.03 0.98223508
0.04 0.96841935
0.05 0.95065991
0.06 0.92896245
0.07 0.9033371
0.08 0.87380028
0.09 0.84037672
0.1 0.80310172
0.11 0.76202349
0.12 0.71720566
0.13 0.66872973
0.14 0.61669757
0.15 0.56123378
0.16 0.5024879
0.17 0.44063647
0.18 0.37588476
0.19 0.3084682
0.2 0.23865346
0.21 0.16673906
0.22 0.093055619
0.23 0.017965493
0.24 -0.05813801
0.25 -0.13483199
0.26 -0.21166587
0.27 -0.28816383
0.28 -0.3638278
0.29 -0.43814102
0.3 -0.510572
0.31 -0.58057906
0.32 -0.64761522
0.33 -0.71113351
0.34 -0.77059258
0.35 -0.82546257
0.36 -0.87523116
0.37 -0.91940975
0.38 -0.95753962
0.39 -0.98919812
0.4 -1.0140046
0.41 -1.0316264
0.42 -1.0417839
0.43 -1.044256
0.44 -1.0388846
0.45 -1.0255788
0.46 -1.0043177
0.47 -0.97515416
0.48 -0.9382159
0.49 -0.89370719
0.5 -0.84190907
0.51 -0.78317882
0.52 -0.71794863
0.53 -0.64672325
0.54 -0.57007679
0.55 -0.48864869
0.56 -0.40313873
0.57 -0.31430129
0.58 -0.22293877
0.59 -0.12989437
0.6 -0.036044183
0.61 0.05771134
0.62 0.15045631
0.63 0.24126876
0.64 0.3292303
0.65 0.41343595
0.66 0.49300398
0.67 0.56708579
0.68 0.63487559
0.69 0.69561977
0.7 0.74862592
0.71 0.79327132
0.72 0.82901081
0.73 0.85538396
0.74 0.8720214
0.75 0.8786503
0.76 0.87509877
0.77 0.86129934
0.78 0.83729123
0.79 0.80322155
0.8 0.75934529
0.81 0.70602409
0.82 0.64372388
0.83 0.57301129
0.84 0.49454891
0.85 0.40908942
0.86 0.31746867
0.87 0.22059775
0.88 0.11945417
0.89 0.015072133
0.9 -0.091467866
0.91 -0.19905006
0.92 -0.30653495
0.93 -0.41277124
0.94 -0.51660798
0.95 -0.61690682
0.96 -0.7125543
0.97 -0.80247388
0.98 -0.88563776
0.99 -0.96107818
1 -1.0278982
1.01 -1.0852819
1.02 -1.1325034
1.03 -1.1689355
1.04 -1.1940567
1.05 -1.2074578
1.06 -1.2088466
1.07 -1.1980519
1.08 -1.1750261
1.09 -1.1398462
1.1 -1.0927136
1.11 -1.0339531
1.12 -0.96400921
1.13 -0.88344297
1.14 -0.79292592
1.15 -0.69323372
1.16 -0.58523844
1.17 -0.46989976
1.18 -0.34825524
1.19 -0.22140976
1.2 -0.09052422
1.21 0.043196364
1.22 0.17851521
1.23 0.31417649
1.24 0.44891822
1.25 0.58148516
1.26 0.71064175
1.27 0.83518463
1.28 0.95395491
1.29 1.0658499
1.3 1.1698343
1.31 1.2649502
1.32 1.3503269
1.33 1.4251894
1.34 1.4888656
1.35 1.5407926
1.36 1.5805222
1.37 1.6077243
1.38 1.6221897
1.39 1.6238314
1.4 1.6126847
1.41 1.5889053
1.42 1.5527677
1.43 1.5046603
1.44 1.4450813
1.45 1.3746321
1.46 1.2940105
1.47 1.2040021
1.48 1.1054722
1.49 0.99935527
1.5 0.88664547
1.51 0.76838539
1.52 0.64565512
1.53 0.51956087
1.54 0.39122349
1.55 0.26176699
1.56 0.13230725
1.57 0.0039409995
1.58 -0.12226488
1.59 -0.24528347
1.6 -0.36413735
1.61 -0.47790744
1.62 -0.58574106
1.63 -0.68685905
1.64 -0.78056206
1.65 -0.86623574
1.66 -0.94335504
1.67 -1.0114873
1.68 -1.0702944
1.69 -1.1195337
1.7 -1.1590582
1.71 -1.1888152
1.72 -1.2088446
1.73 -1.2192754
1.74 -1.2203223
1.75 -1.2122806
1.76 -1.1955209
1.77 -1.1704828
1.78 -1.1376684
1.79 -1.0976349
1.8 -1.050987
1.81 -0.99836917
1.82 -0.94045755
1.83 -0.87795172
1.84 -0.81156667
1.85 -0.74202483
1.86 -0.67004825
1.87 -0.59635113
1.88 -0.52163274
1.89 -0.4465708
1.9 -0.37181531
1.91 -0.29798307
1.92 -0.22565274
1.93 -0.15536063
1.94 -0.087597133
1.95 -0.022803921
1.96 0.038628186
1.97 0.096360589
1.98 0.1501076
1.99 0.19963643
2 0.24476652
2.01 0.28536829
2.02 0.32136126
2.03 0.35271168
2.04 0.37942975
2.05 0.40156635
2.06 0.41920948
2.07 0.43248053
2.08 0.44153017
2.09 0.44653433
2.1 0.44768998
2.11 0.44521102
2.12 0.4393242
2.13 0.43026528
2.14 0.41827525
2.15 0.40359699
2.16 0.38647208
2.17 0.36713807
2.18 0.34582604
2.19 0.32275864
2.2 0.29814846
2.21 0.27219694
2.22 0.24509358
2.23 0.21701565
2.24 0.18812829
2.25 0.15858497
2.26 0.12852831
2.27 0.098091193
2.28 0.067398181
2.29 0.036567144
2.3 0.005711051
2.31 -0.025060107
2.32 -0.05563733
2.33 -0.085910618
2.34 -0.11576702
2.35 -0.14508879
2.36 -0.1737517
2.37 -0.20162358
2.38 -0.22856305
2.39 -0.25441865
2.4 -0.27902822
2.41 -0.30221866
2.42 -0.32380614
2.43 -0.34359661
2.44 -0.36138686
2.45 -0.37696587
2.46 -0.39011664
2.47 -0.40061843
2.48 -0.40824931
2.49 -0.41278911
2.5 -0.41402268
2.51 -0.41174334
2.52 -0.40575664
2.53 -0.39588421
2.54 -0.38196772
2.55 -0.3638729
2.56 -0.34149346
2.57 -0.31475497
2.58 -0.28361852
2.59 -0.24808415
2.6 -0.20819397
2.61 -0.16403492
2.62 -0.11574099
2.63 -0.063495081
2.64 -0.0075301813
2.65 0.051869952
2.66 0.11437082
2.67 0.17958786
2.68 0.24708777
2.69 0.31639062
2.7 0.38697258
2.71 0.45826942
2.72 0.52968063
2.73 0.6005742
2.74 0.67029209
2.75 0.73815615
2.76 0.80347465
2.77 0.86554918
2.78 0.92368201
2.79 0.97718361
2.8 1.0253805
2.81 1.0676233
2.82 1.1032944
2.83 1.1318159
2.84 1.1526575
2.85 1.1653437
2.86 1.1694608
2.87 1.1646636
2.88 1.150681
2.89 1.1273218
2.9 1.0944789
2.91 1.0521334
2.92 1.0003568
2.93 0.93931371
2.94 0.86926234
2.95 0.79055446
2.96 0.70363436
2.97 0.60903662
2.98 0.50738289
2.99 0.39937759
3 0.28580266
3.01 0.16751127
3.02 0.045420682
3.03 -0.079495815
3.04 -0.20621768
3.05 -0.33368663
3.06 -0.46081671
3.07 -0.58650487
3.08 -0.70964192
3.09 -0.82912373
3.1 -0.94386257
3.11 -1.0527985
3.12 -1.1549104
3.13 -1.2492272
3.14 -1.3348384
3.15 -1.4109041
3.16 -1.4766643
3.17 -1.5314481
3.18 -1.5746811
3.19 -1.6058926
3.2 -1.6247214
3.21 -1.6309207
3.22 -1.6243617
3.23 -1.6050358
3.24 -1.5730562
3.25 -1.5286571
3.26 -1.472193
3.27 -1.4041352
3.28 -1.3250685
3.29 -1.2356852
3.3 -1.1367796
3.31 -1.0292393
3.32 -0.91403786
3.33 -0.79222414
3.34 -0.66491258
3.35 -0.53327178
3.36 -0.39851279
3.37 -0.26187683
3.38 -0.12462267
3.39 0.011986218
3.4 0.14669459
3.41 0.2782683
3.42 0.40550692
3.43 0.52725611
3.44 0.64241939
3.45 0.74996937
3.46 0.84895824
3.47 0.93852736
3.48 1.0179159
3.49 1.0864685
3.5 1.1436417
3.51 1.189009
3.52 1.2222652
3.53 1.2432286
3.54 1.251843
3.55 1.2481769
3.56 1.2324225
3.57 1.2048932
3.58 1.1660195
3.59 1.1163434
3.6 1.0565125
3.61 0.98727242
3.62 0.90945809
3.63 0.82398445
3.64 0.73183625
3.65 0.63405712
3.66 0.53173809
3.67 0.42600575
3.68 0.31801003
3.69 0.2089119
3.7 0.099871024
3.71 -0.0079664778
3.72 -0.11347996
3.73 -0.21558585
3.74 -0.31324865
3.75 -0.4054914
3.76 -0.4914053
3.77 -0.57015858
3.78 -0.64100434
3.79 -0.70328742
3.8 -0.75645021
3.81 -0.80003728
3.82 -0.83369888
3.83 -0.85719322
3.84 -0.87038751
3.85 -0.8732579
3.86 -0.86588812
3.87 -0.84846702
3.88 -0.82128503
3.89 -0.78472949
3.9 -0.73927906
3.91 -0.68549723
3.92 -0.62402495
3.93 -0.55557259
3.94 -0.48091132
3.95 -0.40086386
3.96 -0.31629502
3.97 -0.22810179
3.98 -0.13720336
3.99 -0.044531131
4 0.048981293
4.01 0.14240783
4.02 0.23483942
4.03 0.32539304
4.04 0.41322034
4.05 0.49751557
4.06 0.57752293
4.07 0.65254314
4.08 0.72193924
4.09 0.78514153
4.1 0.84165166
4.11 0.89104581
4.12 0.9329769
4.13 0.967176
4.14 0.99345271
4.15 1.0116947
4.16 1.0218666
4.17 1.0240074
4.18 1.0182283
4.19 1.0047083
4.2 0.98369085
4.21 0.95547834
4.22 0.9204273
4.23 0.87894259
4.24 0.83147143
4.25 0.77849724
4.26 0.72053331
4.27 0.65811634
4.28 0.59180019
4.29 0.52214952
4.3 0.44973382
4.31 0.37512153
4.32 0.29887464
4.33 0.22154355
4.34 0.14366243
4.35 0.065745059
4.36 -0.011718867
4.37 -0.088266819
4.38 -0.16346602
4.39 -0.23691545
4.4 -0.30824724
4.41 -0.37712764
4.42 -0.44325726
4.43 -0.506371
4.44 -0.56623737
4.45 -0.62265742
4.46 -0.67546329
4.47 -0.72451642
4.48 -0.76970543
4.49 -0.81094387
4.5 -0.84816768
4.51 -0.88133268
4.52 -0.91041188
4.53 -0.93539292
4.54 -0.95627552
4.55 -0.97306906
4.56 -0.98579037
4.57 -0.99446174
4.58 -0.99910915
4.59 -0.99976085
4.6 -0.99644629
4.61 -0.98919528
4.62 -0.97803767
4.63 -0.96300329
4.64 -0.94412227
4.65 -0.92142576
4.66 -0.89494695
4.67 -0.86472241
4.68 -0.83079372
4.69 -0.79320932
4.7 -0.75202663
4.71 -0.70731422
4.72 -0.65915417
4.73 -0.60764441
4.74 -0.55290113
4.75 -0.495061
4.76 -0.43428338
4.77 -0.37075223
4.78 -0.30467787
4.79 -0.23629839
4.8 -0.16588068
4.81 -0.093721131
4.82 -0.020145837
4.83 0.054489646
4.84 0.12980104
4.85 0.20537663
4.86 0.28077905
4.87 0.35554759
4.88 0.42920113
4.89 0.50124143
4.9 0.57115704
4.91 0.63842763
4.92 0.7025287
4.93 0.76293671
4.94 0.81913451
4.95 0.87061701
4.96 0.91689701
4.97 0.95751124
4.98 0.99202625
4.99 1.0200445
5 1.0412099
5.01 1.0552139
5.02 1.0618002
5.03 1.0607701
5.04 1.0519866
5.05 1.0353786
5.06 1.0109442
5.07 0.97875299
5.08 0.93894814
5.09 0.89174757
5.1 0.83744416
5.11 0.77640513
5.12 0.70907064
5.13 0.63595147
5.14 0.55762576
5.15 0.47473495
5.16 0.38797886
5.17 0.29810996
5.18 0.20592684
5.19 0.11226705
5.2 0.017999221
5.21 -0.075985266
5.22 -0.16878119
5.23 -0.25947872
5.24 -0.3471729
5.25 -0.43097337
5.26 -0.51001409
5.27 -0.583463
5.28 -0.65053159
5.29 -0.71048411
5.3 -0.76264636
5.31 -0.80641408
5.32 -0.84126061
5.33 -0.8667439
5.34 -0.88251266
5.35 -0.88831167
5.36 -0.88398607
5.37 -0.8694846
5.38 -0.84486181
5.39 -0.81027906
5.4 -0.76600439
5.41 -0.71241121
5.42 -0.64997577
5.43 -0.57927352
5.44 -0.50097428
5.45 -0.41583629
5.46 -0.32469925
5.47 -0.22847633
5.48 -0.12814534
5.49 -0.024738972
5.5 0.080665558
5.51 0.18695755
5.52 0.29300431
5.53 0.39766303
5.54 0.49979289
5.55 0.59826722
5.56 0.6919857
5.57 0.77988629
5.58 0.86095695
5.59 0.93424681
5.6 0.99887684
5.61 1.0540498
5.62 1.0990592
5.63 1.1332979
5.64 1.1562649
5.65 1.1675714
5.66 1.166946
5.67 1.1542381
5.68 1.1294203
5.69 1.0925894
5.7 1.0439662
5.71 0.98389371
5.72 0.91283426
5.73 0.83136519
5.74 0.7401733
5.75 0.64004818
5.76 0.53187429
5.77 0.41662212
5.78 0.29533836
5.79 0.16913521
5.8 0.039179034
5.81 -0.093321626
5.82 -0.22712845
5.83 -0.36098609
5.84 -0.49363509
5.85 -0.62382482
5.86 -0.75032631
5.87 -0.87194487
5.88 -0.98753226
5.89 -1.0959984
5.9 -1.1963222
5.91 -1.2875622
5.92 -1.3688657
5.93 -1.4394769
5.94 -1.4987448
5.95 -1.5461289
5.96 -1.5812042
5.97 -1.6036652
5.98 -1.6133283
5.99 -1.6101324
6 -1.5941393
6.01 -1.565532
6.02 -1.5246118
6.03 -1.4717945
6.04 -1.4076052
6.05 -1.3326719
6.06 -1.2477182
6.07 -1.1535552
6.08 -1.0510722
6.09 -0.9412273
6.1 -0.82503634
6.11 -0.70356254
6.12 -0.57790498
6.13 -0.44918716
6.14 -0.31854539
6.15 -0.18711722
6.16 -0.056030032
6.17 0.073610081
6.18 0.20072903
6.19 0.32429495
6.2 0.44332775
6.21 0.55690798
6.22 0.66418489
6.23 0.76438355
6.24 0.8568111
6.25 0.94086193
6.26 1.0160218
6.27 1.0818712
6.28 1.1380867
6.29 1.1844427
6.3 1.2208108
6.31 1.2471584
6.32 1.2635473
6.33 1.2701295
6.34 1.2671438
6.35 1.2549109
6.36 1.2338273
6.37 1.2043593
6.38 1.167036
6.39 1.1224419
6.4 1.0712091
6.41 1.0140092
6.42 0.95154502
6.43 0.88454251
6.44 0.81374215
6.45 0.73989094
6.46 0.66373442
6.47 0.58600903
6.48 0.50743485
6.49 0.42870885
6.5 0.35049861
6.51 0.27343667
6.52 0.19811555
6.53 0.1250834
6.54 0.054840405
6.55 -0.012164111
6.56 -0.075533827
6.57 -0.13492683
6.58 -0.19005629
6.59 -0.24069045
6.6 -0.28665192
6.61 -0.32781636
6.62 -0.36411057
6.63 -0.39551
6.64 -0.42203588
6.65 -0.44375184
6.66 -0.46076026
6.67 -0.47319832
6.68 -0.48123383
6.69 -0.48506095
6.7 -0.4848959
6.71 -0.4809726
6.72 -0.47353846
6.73 -0.46285027
6.74 -0.44917034
6.75 -0.43276288
6.76 -0.41389066
6.77 -0.39281207
6.78 -0.36977852
6.79 -0.34503226
6.8 -0.31880464
6.81 -0.29131476
6.82 -0.26276863
6.83 -0.23335865
6.84 -0.20326365
6.85 -0.17264915
6.86 -0.14166813
6.87 -0.11046207
6.88 -0.079162238
6.89 -0.047891306
6.9 -0.016765076
6.91 0.014105606
6.92 0.04461287
6.93 0.074649815
6.94 0.10410853
6.95 0.1328782
6.96 0.16084337
6.97 0.18788235
6.98 0.21386593
6.99 0.23865633
7 0.26210647
7.01 0.28405964
7.02 0.30434946
7.03 0.32280036
7.04 0.33922835
7.05 0.35344224
7.06 0.36524534
7.07 0.37443741
7.08 0.38081711
7.09 0.38418471
7.1 0.38434516
7.11 0.3811114
7.12 0.37430788
7.13 0.36377425
7.14 0.34936916
7.15 0.33097409
7.16 0.30849716
7.17 0.28187681
7.18 0.25108538
7.19 0.21613242
7.2 0.17706765
7.21 0.13398368
7.22 0.087018181
7.23 0.036355616
7.24 -0.017771536
7.25 -0.075082185
7.26 -0.13524663
7.27 -0.19788722
7.28 -0.26257968
7.29 -0.32885511
7.3 -0.39620271
7.31 -0.46407317
7.32 -0.53188268
7.33 -0.59901762
7.34 -0.6648399
7.35 -0.72869273
7.36 -0.789907
7.37 -0.84780801
7.38 -0.90172268
7.39 -0.95098691
7.4 -0.9949532
7.41 -1.0329984
7.42 -1.0645315
7.43 -1.0890011
7.44 -1.1059033
7.45 -1.1147883
7.46 -1.1152677
7.47 -1.1070209
7.48 -1.0898002
7.49 -1.063437
7.5 -1.0278451
7.51 -0.98302502
7.52 -0.92906655
7.53 -0.86615037
7.54 -0.794549
7.55 -0.71462662
7.56 -0.62683777
7.57 -0.53172517
7.58 -0.42991636
7.59 -0.32211942
7.6 -0.20911762
7.61 -0.091763202
7.62 0.029029857
7.63 0.1522938
7.64 0.27701586
7.65 0.40214774
7.66 0.52661556
7.67 0.64933041
7.68 0.76919918
7.69 0.88513561
7.7 0.99607159
7.71 1.1009683
7.72 1.1988272
7.73 1.2887012
7.74 1.3697045
7.75 1.4410231
7.76 1.5019238
7.77 1.5517626
7.78 1.5899927
7.79 1.6161711
7.8 1.6299645
7.81 1.6311534
7.82 1.6196362
7.83 1.595431
7.84 1.5586767
7.85 1.5096327
7.86 1.4486772
7.87 1.3763042
7.88 1.2931198
7.89 1.1998363
7.9 1.097266
7.91 0.9863131
7.92 0.86796567
7.93 0.74328545
7.94 0.61339757
7.95 0.47947937
7.96 0.34274855
7.97 0.20445089
7.98 0.0658476
7.99 -0.071797487
8 -0.20723086
8.01 -0.33922212
8.02 -0.46657662
8.03 -0.5881477
8.04 -0.7028484
8.05 -0.80966263
8.06 -0.90765551
8.07 -0.99598287
8.08 -1.0738998
8.09 -1.140768
8.1 -1.1960624
8.11 -1.2393757
8.12 -1.2704228
8.13 -1.2890429
8.14 -1.2952008
8.15 -1.2889866
8.16 -1.2706145
8.17 -1.2404193
8.18 -1.1988531
8.19 -1.1464791
8.2 -1.0839656
8.21 -1.012078
8.22 -0.93167062
8.23 -0.84367643
8.24 -0.74909729
8.25 -0.64899267
8.26 -0.5444681
8.27 -0.43666321
8.28 -0.32673942
8.29 -0.21586756
8.3 -0.10521547
8.31 0.0040642932
8.32 0.11084646
8.33 0.21404461
8.34 0.31262224
8.35 0.40560318
8.36 0.49208123
8.37 0.57122895
8.38 0.64230549
8.39 0.70466338
8.4 0.75775426
8.41 0.80113344
8.42 0.83446325
8.43 0.85751524
8.44 0.87017112
8.45 0.87242251
8.46 0.86436944
8.47 0.84621781
8.48 0.8182756
8.49 0.78094808
8.5 0.73473209
8.51 0.68020929
8.52 0.6180387
8.53 0.54894849
8.54 0.4737271
8.55 0.39321396
8.56 0.30828975
8.57 0.2198664
8.58 0.12887696
8.59 0.036265431
8.6 -0.057023314
8.61 -0.15005343
8.62 -0.24190766
8.63 -0.3316965
8.64 -0.41856686
8.65 -0.50171007
8.66 -0.58036933
8.67 -0.65384624
8.68 -0.72150669
8.69 -0.78278576
8.7 -0.83719182
8.71 -0.88430966
8.72 -0.92380269
8.73 -0.95541424
8.74 -0.9789679
8.75 -0.99436701
8.76 -1.0015932
8.77 -1.0007042
8.78 -0.99183086
8.79 -0.97517328
8.8 -0.95099663
8.81 -0.91962612
8.82 -0.88144157
8.83 -0.83687163
8.84 -0.78638755
8.85 -0.73049686
8.86 -0.66973681
8.87 -0.60466779
8.88 -0.53586678
8.89 -0.46392091
8.9 -0.3894212
8.91 -0.3129566
8.92 -0.23510831
8.93 -0.15644454
8.94 -0.077515725
8.95 0.0011498585
8.96 0.079049832
8.97 0.15571098
8.98 0.23069191
8.99 0.30358515
9 0.37401866
9.01 0.44165677
9.02 0.50620054
9.03 0.56738769
9.04 0.62499188
9.05 0.67882169
9.06 0.72871911
9.07 0.77455766
9.08 0.81624027
9.09 0.85369689
9.1 0.88688187
9.11 0.91577131
9.12 0.94036026
9.13 0.96066
9.14 0.97669531
9.15 0.98850191
9.16 0.99612406
9.17 0.99961233
9.18 0.99902171
9.19 0.99440992
9.2 0.98583613
9.21 0.97335997
9.22 0.95704094
9.23 0.93693814
9.24 0.9131104
9.25 0.88561681
9.26 0.8545175
9.27 0.81987482
9.28 0.78175475
9.29 0.74022864
9.3 0.69537511
9.31 0.64728211
9.32 0.59604912
9.33 0.54178939
9.34 0.48463225
9.35 0.42472524
9.36 0.36223623
9.37 0.29735535
9.38 0.23029663
9.39 0.16129945
9.4 0.090629605
9.41 0.018579946
9.42 -0.054529298
9.43 -0.12835073
9.44 -0.20251044
9.45 -0.27660921
9.46 -0.35022416
9.47 -0.42291097
9.48 -0.49420661
9.49 -0.56363257
9.5 -0.63069852
9.51 -0.6949065
9.52 -0.75575549
9.53 -0.81274627
9.54 -0.86538674
9.55 -0.91319731
9.56 -0.95571663
9.57 -0.9925073
9.58 -1.0231617
9.59 -1.0473078
9.6 -1.0646146
9.61 -1.0747978
9.62 -1.0776246
9.63 -1.0729188
9.64 -1.0605647
9.65 -1.0405111
9.66 -1.0127745
9.67 -0.97744147
9.68 -0.93467032
9.69 -0.88469236
9.7 -0.82781194
9.71 -0.76440585
9.72 -0.69492184
9.73 -0.61987622
9.74 -0.53985066
9.75 -0.45548812
9.76 -0.36748791
9.77 -0.27660003
9.78 -0.18361869
9.79 -0.08937521
9.8 0.0052697556
9.81 0.099434498
9.82 0.19222501
9.83 0.2827441
9.84 0.37010078
9.85 0.45341981
9.86 0.53185125
9.87 0.60458007
9.88 0.6708354
9.89 0.72989969
9.9 0.78111729
9.91 0.82390268
9.92 0.85774792
9.93 0.88222953
9.94 0.89701446
9.95 0.90186522
9.96 0.89664403
9.97 0.8813159
9.98 0.85595068
9.99 0.82072393
10 0.77591669
