0 -1e-11 5e-13 20000000 0 
1e-19 -8.0003136e-12 5.0001692e-13 19993223 381.27841 
2e-19 -6.0015e-12 5.0009012e-13 19981965 1202.4963 
3e-19 -4.0042677e-12 5.0030262e-13 19959643 3530.8497 
4e-19 -2.0107845e-12 5.0104575e-13 19895048 15750.063 
5e-19 -3.5975894e-14 5.0937273e-13 19617980 192161.97 
6e-19 1.93913e-12 5.4075369e-13 19908848 395160.55 
7e-19 3.9341686e-12 5.8125281e-13 19976026 409643.47 
8e-19 5.9330688e-12 6.2239007e-13 19998836 412528.85 
9e-19 7.933579e-12 6.6370415e-13 20010259 413606.14 
1e-18 9.9349732e-12 7.0509398e-13 20017109 414135.81 
1.1e-18 1.1936926e-11 7.4652405e-13 20021672 414440.42 
1.2e-18 1.3939265e-11 7.8797845e-13 20024928 414634.3 
1.3e-18 1.5941885e-11 8.294489e-13 20027369 414766.77 
1.4e-18 1.794472e-11 8.7093059e-13 20029266 414862.15 
1.5e-18 1.9947726e-11 9.1242054e-13 20030783 414933.65 
1.6e-18 2.1950868e-11 9.5391678e-13 20032023 414988.96 
1.7e-18 2.3954123e-11 9.9541795e-13 20033056 415032.88 
1.8e-18 2.5957474e-11 1.0369231e-12 20033930 415068.49 
1.9e-18 2.7960905e-11 1.0784314e-12 20034679 415097.89 
2e-18 2.9964406e-11 1.1199425e-12 20035328 415122.52 
2.1e-18 3.1967968e-11 1.1614558e-12 20035895 415143.44 
2.2e-18 3.3971583e-11 1.2029711e-12 20036396 415161.39 
2.3e-18 3.5975245e-11 1.244488e-12 20036841 415176.97 
2.4e-18 3.797895e-11 1.2860064e-12 20037239 415190.59 
2.5e-18 3.9982692e-11 1.3275261e-12 20037597 415202.6 
2.6e-18 4.1986468e-11 1.3690469e-12 20037921 415213.26 
2.7e-18 4.3990275e-11 1.4105687e-12 20038215 415222.78 
2.8e-18 4.599411e-11 1.4520914e-12 20038484 415231.33 
2.9e-18 4.7997971e-11 1.4936149e-12 20038730 415239.05 
3e-18 5.0001855e-11 1.5351392e-12 20038957 415246.06 
3.1e-18 5.2005762e-11 1.5766641e-12 20039166 415252.44 
3.2e-18 5.4009688e-11 1.6181897e-12 20039360 415258.28 
3.3e-18 5.6013633e-11 1.6597158e-12 20039540 415263.64 
3.4e-18 5.8017596e-11 1.7012424e-12 20039707 415268.57 
3.5e-18 6.0021574e-11 1.7427695e-12 20039863 415273.13 
3.6e-18 6.2025568e-11 1.784297e-12 20040009 415277.35 
3.7e-18 6.4029576e-11 1.8258249e-12 20040146 415281.28 
3.8e-18 6.6033597e-11 1.8673532e-12 20040275 415284.93 
3.9e-18 6.803763e-11 1.9088819e-12 20040396 415288.34 
4e-18 7.0041676e-11 1.9504109e-12 20040510 415291.53 
4.1e-18 7.2045732e-11 1.9919402e-12 20040618 415294.53 
4.2e-18 7.4049799e-11 2.0334698e-12 20040720 415297.34 
4.3e-18 7.6053876e-11 2.0749997e-12 20040817 415299.98 
4.4e-18 7.8057962e-11 2.1165298e-12 20040908 415302.47 
4.5e-18 8.0062058e-11 2.1580602e-12 20040995 415304.83 
4.6e-18 8.2066161e-11 2.1995908e-12 20041078 415307.05 
4.7e-18 8.4070273e-11 2.2411216e-12 20041157 415309.16 
4.8e-18 8.6074393e-11 2.2826526e-12 20041232 415311.16 
4.9e-18 8.807852e-11 2.3241838e-12 20041304 415313.06 
5e-18 9.0082653e-11 2.3657152e-12 20041373 415314.86 
5.1e-18 9.2086794e-11 2.4072468e-12 20041438 415316.58 
5.2e-18 9.4090941e-11 2.4487785e-12 20041501 415318.22 
5.3e-18 9.6095094e-11 2.4903104e-12 20041561 415319.78 
5.4e-18 9.8099253e-11 2.5318425e-12 20041619 415321.28 
5.5e-18 1.0010342e-10 2.5733747e-12 20041674 415322.71 
5.6e-18 1.0210759e-10 2.614907e-12 20041728 415324.07 
5.7e-18 1.0411176e-10 2.6564395e-12 20041779 415325.38 
5.8e-18 1.0611594e-10 2.6979721e-12 20041828 415326.63 
5.9e-18 1.0812013e-10 2.7395048e-12 20041876 415327.84 
6e-18 1.1012432e-10 2.7810376e-12 20041921 415328.99 
6.1e-18 1.1212851e-10 2.8225706e-12 20041965 415330.11 
6.2e-18 1.1413271e-10 2.8641037e-12 20042008 415331.17 
6.3e-18 1.1613691e-10 2.9056368e-12 20042049 415332.2 
6.4e-18 1.1814112e-10 2.9471701e-12 20042089 415333.19 
6.5e-18 1.2014533e-10 2.9887035e-12 20042127 415334.15 
6.6e-18 1.2214955e-10 3.0302369e-12 20042164 415335.07 
6.7e-18 1.2415377e-10 3.0717705e-12 20042200 415335.96 
6.8e-18 1.2615799e-10 3.1133041e-12 20042235 415336.82 
6.9e-18 1.2816221e-10 3.1548378e-12 20042268 415337.65 
7e-18 1.3016644e-10 3.1963717e-12 20042301 415338.45 
7.1e-18 1.3217067e-10 3.2379055e-12 20042333 415339.23 
7.2e-18 1.3417491e-10 3.2794395e-12 20042363 415339.98 
7.3e-18 1.3617914e-10 3.3209735e-12 20042393 415340.7 
7.4e-18 1.3818339e-10 3.3625076e-12 20042422 415341.41 
7.5e-18 1.4018763e-10 3.4040418e-12 20042450 415342.09 
7.6e-18 1.4219188e-10 3.4455761e-12 20042477 415342.75 
7.7e-18 1.4419612e-10 3.4871104e-12 20042504 415343.4 
7.8e-18 1.4620038e-10 3.5286447e-12 20042530 415344.02 
7.9e-18 1.4820463e-10 3.5701792e-12 20042555 415344.63 
8e-18 1.5020889e-10 3.6117137e-12 20042579 415345.21 
8.1e-18 1.5221315e-10 3.6532482e-12 20042603 415345.79 
8.2e-18 1.5421741e-10 3.6947828e-12 20042626 415346.34 
8.3e-18 1.5622167e-10 3.7363175e-12 20042649 415346.88 
8.4e-18 1.5822594e-10 3.7778522e-12 20042671 415347.41 
8.5e-18 1.6023021e-10 3.819387e-12 20042692 415347.92 
8.6e-18 1.6223448e-10 3.8609218e-12 20042713 415348.42 
8.7e-18 1.6423875e-10 3.9024566e-12 20042734 415348.9 
8.8e-18 1.6624302e-10 3.9439916e-12 20042754 415349.38 
8.9e-18 1.682473e-10 3.9855265e-12 20042773 415349.84 
9e-18 1.7025158e-10 4.0270615e-12 20042792 415350.29 
9.1e-18 1.7225586e-10 4.0685966e-12 20042811 415350.73 
9.2e-18 1.7426014e-10 4.1101317e-12 20042829 415351.16 
9.3e-18 1.7626442e-10 4.1516668e-12 20042846 415351.57 
9.4e-18 1.7826871e-10 4.193202e-12 20042864 415351.98 
9.5e-18 1.80273e-10 4.2347372e-12 20042881 415352.38 
9.6e-18 1.8227728e-10 4.2762725e-12 20042897 415352.77 
9.7e-18 1.8428158e-10 4.3178078e-12 20042914 415353.15 
9.8e-18 1.8628587e-10 4.3593431e-12 20042929 415353.52 
9.9e-18 1.8829016e-10 4.4008785e-12 20042945 415353.88 
1e-17 1.9029446e-10 4.4424139e-12 20042960 415354.24 
1.01e-17 1.9229875e-10 4.4839493e-12 20042975 415354.58 
1.02e-17 1.9430305e-10 4.5254848e-12 20042990 415354.92 
1.03e-17 1.9630735e-10 4.5670203e-12 20043004 415355.26 
1.04e-17 1.9831165e-10 4.6085558e-12 20043018 415355.58 
1.05e-17 2.0031595e-10 4.6500914e-12 20043031 415355.9 
1.06e-17 2.0232026e-10 4.691627e-12 20043045 415356.21 
1.07e-17 2.0432456e-10 4.7331626e-12 20043058 415356.52 
1.08e-17 2.0632887e-10 4.7746983e-12 20043071 415356.81 
1.09e-17 2.0833318e-10 4.816234e-12 20043084 415357.11 
1.1e-17 2.1033749e-10 4.8577697e-12 20043096 415357.39 
1.11e-17 2.123418e-10 4.8993055e-12 20043108 415357.68 
1.12e-17 2.1434611e-10 4.9408413e-12 20043120 415357.95 
1.13e-17 2.1635042e-10 4.9823771e-12 20043132 415358.22 
1.14e-17 2.1835473e-10 5.0239129e-12 20043143 415358.49 
1.15e-17 2.2035905e-10 5.0654488e-12 20043155 415358.75 
1.16e-17 2.2236337e-10 5.1069847e-12 20043166 415359 
1.17e-17 2.2436768e-10 5.1485206e-12 20043177 415359.25 
1.18e-17 2.26372e-10 5.1900565e-12 20043188 415359.5 
1.19e-17 2.2837632e-10 5.2315925e-12 20043198 415359.74 
1.2e-17 2.3038064e-10 5.2731285e-12 20043208 415359.98 
1.21e-17 2.3238496e-10 5.3146645e-12 20043219 415360.21 
1.22e-17 2.3438928e-10 5.3562005e-12 20043229 415360.44 
1.23e-17 2.3639361e-10 5.3977366e-12 20043238 415360.66 
1.24e-17 2.3839793e-10 5.4392726e-12 20043248 415360.88 
1.25e-17 2.4040226e-10 5.4808087e-12 20043258 415361.1 
1.26e-17 2.4240658e-10 5.5223449e-12 20043267 415361.31 
1.27e-17 2.4441091e-10 5.563881e-12 20043276 415361.52 
1.28e-17 2.4641524e-10 5.6054172e-12 20043285 415361.73 
1.29e-17 2.4841957e-10 5.6469533e-12 20043294 415361.93 
1.3e-17 2.504239e-10 5.6884895e-12 20043303 415362.13 
1.31e-17 2.5242823e-10 5.7300258e-12 20043311 415362.32 
1.32e-17 2.5443256e-10 5.771562e-12 20043320 415362.52 
1.33e-17 2.5643689e-10 5.8130983e-12 20043328 415362.71 
1.34e-17 2.5844123e-10 5.8546345e-12 20043336 415362.89 
1.35e-17 2.6044556e-10 5.8961708e-12 20043344 415363.07 
1.36e-17 2.6244989e-10 5.9377072e-12 20043352 415363.25 
1.37e-17 2.6445423e-10 5.9792435e-12 20043360 415363.43 
1.38e-17 2.6645857e-10 6.0207799e-12 20043368 415363.61 
1.39e-17 2.684629e-10 6.0623162e-12 20043376 415363.78 
1.4e-17 2.7046724e-10 6.1038526e-12 20043383 415363.95 
1.41e-17 2.7247158e-10 6.145389e-12 20043390 415364.11 
1.42e-17 2.7447592e-10 6.1869254e-12 20043398 415364.28 
1.43e-17 2.7648026e-10 6.2284619e-12 20043405 415364.44 
1.44e-17 2.784846e-10 6.2699983e-12 20043412 415364.6 
1.45e-17 2.8048894e-10 6.3115348e-12 20043419 415364.76 
1.46e-17 2.8249328e-10 6.3530713e-12 20043426 415364.91 
1.47e-17 2.8449763e-10 6.3946078e-12 20043433 415365.06 
1.48e-17 2.8650197e-10 6.4361443e-12 20043439 415365.21 
1.49e-17 2.8850632e-10 6.4776808e-12 20043446 415365.36 
1.5e-17 2.9051066e-10 6.5192174e-12 20043452 415365.51 
1.51e-17 2.9251501e-10 6.5607539e-12 20043459 415365.65 
1.52e-17 2.9451935e-10 6.6022905e-12 20043465 415365.79 
1.53e-17 2.965237e-10 6.6438271e-12 20043471 415365.93 
1.54e-17 2.9852805e-10 6.6853637e-12 20043477 415366.07 
1.55e-17 3.0053239e-10 6.7269003e-12 20043484 415366.21 
1.56e-17 3.0253674e-10 6.7684369e-12 20043490 415366.34 
1.57e-17 3.0454109e-10 6.8099736e-12 20043495 415366.47 
1.58e-17 3.0654544e-10 6.8515102e-12 20043501 415366.6 
1.59e-17 3.0854979e-10 6.8930469e-12 20043507 415366.73 
1.6e-17 3.1055414e-10 6.9345836e-12 20043513 415366.86 
1.61e-17 3.1255849e-10 6.9761202e-12 20043518 415366.98 
1.62e-17 3.1456285e-10 7.0176569e-12 20043524 415367.11 
1.63e-17 3.165672e-10 7.0591937e-12 20043529 415367.23 
1.64e-17 3.1857155e-10 7.1007304e-12 20043535 415367.35 
1.65e-17 3.2057591e-10 7.1422671e-12 20043540 415367.47 
1.66e-17 3.2258026e-10 7.1838039e-12 20043545 415367.58 
1.67e-17 3.2458462e-10 7.2253407e-12 20043550 415367.7 
1.68e-17 3.2658897e-10 7.2668774e-12 20043556 415367.81 
1.69e-17 3.2859333e-10 7.3084142e-12 20043561 415367.93 
1.7e-17 3.3059768e-10 7.349951e-12 20043566 415368.04 
1.71e-17 3.3260204e-10 7.3914878e-12 20043571 415368.15 
1.72e-17 3.346064e-10 7.4330246e-12 20043576 415368.26 
1.73e-17 3.3661075e-10 7.4745615e-12 20043580 415368.36 
1.74e-17 3.3861511e-10 7.5160983e-12 20043585 415368.47 
1.75e-17 3.4061947e-10 7.5576352e-12 20043590 415368.58 
1.76e-17 3.4262383e-10 7.599172e-12 20043595 415368.68 
1.77e-17 3.4462819e-10 7.6407089e-12 20043599 415368.78 
1.78e-17 3.4663255e-10 7.6822458e-12 20043604 415368.88 
1.79e-17 3.4863691e-10 7.7237827e-12 20043608 415368.98 
1.8e-17 3.5064127e-10 7.7653196e-12 20043613 415369.08 
1.81e-17 3.5264563e-10 7.8068565e-12 20043617 415369.18 
1.82e-17 3.5465e-10 7.8483934e-12 20043621 415369.27 
1.83e-17 3.5665436e-10 7.8899303e-12 20043626 415369.37 
1.84e-17 3.5865872e-10 7.9314673e-12 20043630 415369.46 
1.85e-17 3.6066308e-10 7.9730042e-12 20043634 415369.56 
1.86e-17 3.6266745e-10 8.0145412e-12 20043638 415369.65 
1.87e-17 3.6467181e-10 8.0560782e-12 20043642 415369.74 
1.88e-17 3.6667618e-10 8.0976151e-12 20043647 415369.83 
1.89e-17 3.6868054e-10 8.1391521e-12 20043651 415369.92 
1.9e-17 3.7068491e-10 8.1806891e-12 20043655 415370.01 
1.91e-17 3.7268927e-10 8.2222261e-12 20043658 415370.09 
1.92e-17 3.7469364e-10 8.2637632e-12 20043662 415370.18 
1.93e-17 3.76698e-10 8.3053002e-12 20043666 415370.26 
1.94e-17 3.7870237e-10 8.3468372e-12 20043670 415370.35 
1.95e-17 3.8070674e-10 8.3883742e-12 20043674 415370.43 
1.96e-17 3.8271111e-10 8.4299113e-12 20043678 415370.51 
1.97e-17 3.8471547e-10 8.4714483e-12 20043681 415370.6 
1.98e-17 3.8671984e-10 8.5129854e-12 20043685 415370.68 
1.99e-17 3.8872421e-10 8.5545225e-12 20043689 415370.76 
2e-17 3.9072858e-10 8.5960596e-12 20043692 415370.83 
2.01e-17 3.9273295e-10 8.6375966e-12 20043696 415370.91 
2.02e-17 3.9473732e-10 8.6791337e-12 20043699 415370.99 
2.03e-17 3.9674169e-10 8.7206708e-12 20043703 415371.07 
2.04e-17 3.9874606e-10 8.762208e-12 20043706 415371.14 
2.05e-17 4.0075043e-10 8.8037451e-12 20043710 415371.22 
2.06e-17 4.027548e-10 8.8452822e-12 20043713 415371.29 
2.07e-17 4.0475917e-10 8.8868193e-12 20043716 415371.36 
2.08e-17 4.0676355e-10 8.9283565e-12 20043720 415371.44 
2.09e-17 4.0876792e-10 8.9698936e-12 20043723 415371.51 
2.1e-17 4.1077229e-10 9.0114308e-12 20043726 415371.58 
2.11e-17 4.1277666e-10 9.0529679e-12 20043729 415371.65 
2.12e-17 4.1478104e-10 9.0945051e-12 20043732 415371.72 
2.13e-17 4.1678541e-10 9.1360423e-12 20043736 415371.79 
2.14e-17 4.1878978e-10 9.1775795e-12 20043739 415371.86 
2.15e-17 4.2079416e-10 9.2191167e-12 20043742 415371.92 
2.16e-17 4.2279853e-10 9.2606538e-12 20043745 415371.99 
2.17e-17 4.2480291e-10 9.302191e-12 20043748 415372.06 
2.18e-17 4.2680728e-10 9.3437283e-12 20043751 415372.12 
2.19e-17 4.2881166e-10 9.3852655e-12 20043754 415372.19 
2.2e-17 4.3081603e-10 9.4268027e-12 20043757 415372.25 
2.21e-17 4.3282041e-10 9.4683399e-12 20043760 415372.32 
2.22e-17 4.3482478e-10 9.5098772e-12 20043763 415372.38 
2.23e-17 4.3682916e-10 9.5514144e-12 20043765 415372.44 
2.24e-17 4.3883354e-10 9.5929516e-12 20043768 415372.51 
2.25e-17 4.4083791e-10 9.6344889e-12 20043771 415372.57 
2.26e-17 4.4284229e-10 9.6760262e-12 20043774 415372.63 
2.27e-17 4.4484667e-10 9.7175634e-12 20043777 415372.69 
2.28e-17 4.4685105e-10 9.7591007e-12 20043779 415372.75 
2.29e-17 4.4885542e-10 9.800638e-12 20043782 415372.81 
2.3e-17 4.508598e-10 9.8421753e-12 20043785 415372.87 
2.31e-17 4.5286418e-10 9.8837126e-12 20043787 415372.92 
2.32e-17 4.5486856e-10 9.9252498e-12 20043790 415372.98 
2.33e-17 4.5687294e-10 9.9667871e-12 20043793 415373.04 
2.34e-17 4.5887732e-10 1.0008324e-11 20043795 415373.1 
2.35e-17 4.608817e-10 1.0049862e-11 20043798 415373.15 
2.36e-17 4.6288608e-10 1.0091399e-11 20043800 415373.21 
2.37e-17 4.6489046e-10 1.0132936e-11 20043803 415373.26 
2.38e-17 4.6689484e-10 1.0174474e-11 20043806 415373.32 
2.39e-17 4.6889922e-10 1.0216011e-11 20043808 415373.37 
2.4e-17 4.709036e-10 1.0257548e-11 20043810 415373.42 
2.41e-17 4.7290798e-10 1.0299086e-11 20043813 415373.48 
2.42e-17 4.7491236e-10 1.0340623e-11 20043815 415373.53 
2.43e-17 4.7691674e-10 1.038216e-11 20043818 415373.58 
2.44e-17 4.7892113e-10 1.0423698e-11 20043820 415373.64 
2.45e-17 4.8092551e-10 1.0465235e-11 20043822 415373.69 
2.46e-17 4.8292989e-10 1.0506773e-11 20043825 415373.74 
2.47e-17 4.8493427e-10 1.054831e-11 20043827 415373.79 
2.48e-17 4.8693866e-10 1.0589847e-11 20043829 415373.84 
2.49e-17 4.8894304e-10 1.0631385e-11 20043832 415373.89 
2.5e-17 4.9094742e-10 1.0672922e-11 20043834 415373.94 
2.51e-17 4.9295181e-10 1.0714459e-11 20043836 415373.99 
2.52e-17 4.9495619e-10 1.0755997e-11 20043838 415374.03 
2.53e-17 4.9696057e-10 1.0797534e-11 20043841 415374.08 
2.54e-17 4.9896496e-10 1.0839072e-11 20043843 415374.13 
2.55e-17 5.0096934e-10 1.0880609e-11 20043845 415374.18 
2.56e-17 5.0297373e-10 1.0922147e-11 20043847 415374.22 
2.57e-17 5.0497811e-10 1.0963684e-11 20043849 415374.27 
2.58e-17 5.069825e-10 1.1005221e-11 20043852 415374.32 
2.59e-17 5.0898688e-10 1.1046759e-11 20043854 415374.36 
2.6e-17 5.1099127e-10 1.1088296e-11 20043856 415374.41 
2.61e-17 5.1299565e-10 1.1129834e-11 20043858 415374.45 
2.62e-17 5.1500004e-10 1.1171371e-11 20043860 415374.5 
2.63e-17 5.1700443e-10 1.1212909e-11 20043862 415374.54 
2.64e-17 5.1900881e-10 1.1254446e-11 20043864 415374.59 
2.65e-17 5.210132e-10 1.1295984e-11 20043866 415374.63 
2.66e-17 5.2301758e-10 1.1337521e-11 20043868 415374.67 
2.67e-17 5.2502197e-10 1.1379058e-11 20043870 415374.72 
2.68e-17 5.2702636e-10 1.1420596e-11 20043872 415374.76 
2.69e-17 5.2903075e-10 1.1462133e-11 20043874 415374.8 
2.7e-17 5.3103513e-10 1.1503671e-11 20043876 415374.84 
2.71e-17 5.3303952e-10 1.1545208e-11 20043878 415374.89 
2.72e-17 5.3504391e-10 1.1586746e-11 20043880 415374.93 
2.73e-17 5.370483e-10 1.1628283e-11 20043881 415374.97 
2.74e-17 5.3905269e-10 1.1669821e-11 20043883 415375.01 
2.75e-17 5.4105707e-10 1.1711358e-11 20043885 415375.05 
2.76e-17 5.4306146e-10 1.1752896e-11 20043887 415375.09 
2.77e-17 5.4506585e-10 1.1794433e-11 20043889 415375.13 
2.78e-17 5.4707024e-10 1.1835971e-11 20043891 415375.17 
2.79e-17 5.4907463e-10 1.1877508e-11 20043893 415375.21 
2.8e-17 5.5107902e-10 1.1919046e-11 20043894 415375.25 
2.81e-17 5.5308341e-10 1.1960583e-11 20043896 415375.28 
2.82e-17 5.550878e-10 1.2002121e-11 20043898 415375.32 
2.83e-17 5.5709219e-10 1.2043659e-11 20043900 415375.36 
2.84e-17 5.5909658e-10 1.2085196e-11 20043901 415375.4 
2.85e-17 5.6110097e-10 1.2126734e-11 20043903 415375.44 
2.86e-17 5.6310536e-10 1.2168271e-11 20043905 415375.47 
2.87e-17 5.6510975e-10 1.2209809e-11 20043907 415375.51 
2.88e-17 5.6711414e-10 1.2251346e-11 20043908 415375.55 
2.89e-17 5.6911853e-10 1.2292884e-11 20043910 415375.58 
2.9e-17 5.7112292e-10 1.2334421e-11 20043912 415375.62 
2.91e-17 5.7312731e-10 1.2375959e-11 20043913 415375.66 
2.92e-17 5.751317e-10 1.2417497e-11 20043915 415375.69 
2.93e-17 5.771361e-10 1.2459034e-11 20043917 415375.73 
2.94e-17 5.7914049e-10 1.2500572e-11 20043918 415375.76 
2.95e-17 5.8114488e-10 1.2542109e-11 20043920 415375.8 
2.96e-17 5.8314927e-10 1.2583647e-11 20043921 415375.83 
2.97e-17 5.8515366e-10 1.2625184e-11 20043923 415375.87 
2.98e-17 5.8715806e-10 1.2666722e-11 20043925 415375.9 
2.99e-17 5.8916245e-10 1.270826e-11 20043926 415375.93 
3e-17 5.9116684e-10 1.2749797e-11 20043928 415375.97 
3.01e-17 5.9317123e-10 1.2791335e-11 20043929 415376 
3.02e-17 5.9517563e-10 1.2832872e-11 20043931 415376.03 
3.03e-17 5.9718002e-10 1.287441e-11 20043932 415376.07 
3.04e-17 5.9918441e-10 1.2915948e-11 20043934 415376.1 
3.05e-17 6.0118881e-10 1.2957485e-11 20043935 415376.13 
3.06e-17 6.031932e-10 1.2999023e-11 20043937 415376.17 
3.07e-17 6.0519759e-10 1.304056e-11 20043938 415376.2 
3.08e-17 6.0720199e-10 1.3082098e-11 20043940 415376.23 
3.09e-17 6.0920638e-10 1.3123636e-11 20043941 415376.26 
3.1e-17 6.1121078e-10 1.3165173e-11 20043943 415376.29 
3.11e-17 6.1321517e-10 1.3206711e-11 20043944 415376.32 
3.12e-17 6.1521957e-10 1.3248249e-11 20043946 415376.35 
3.13e-17 6.1722396e-10 1.3289786e-11 20043947 415376.39 
3.14e-17 6.1922836e-10 1.3331324e-11 20043949 415376.42 
3.15e-17 6.2123275e-10 1.3372861e-11 20043950 415376.45 
3.16e-17 6.2323715e-10 1.3414399e-11 20043951 415376.48 
3.17e-17 6.2524154e-10 1.3455937e-11 20043953 415376.51 
3.18e-17 6.2724594e-10 1.3497474e-11 20043954 415376.54 
3.19e-17 6.2925033e-10 1.3539012e-11 20043956 415376.57 
3.2e-17 6.3125473e-10 1.358055e-11 20043957 415376.6 
3.21e-17 6.3325912e-10 1.3622087e-11 20043958 415376.63 
3.22e-17 6.3526352e-10 1.3663625e-11 20043960 415376.65 
3.23e-17 6.3726791e-10 1.3705163e-11 20043961 415376.68 
3.24e-17 6.3927231e-10 1.37467e-11 20043962 415376.71 
3.25e-17 6.4127671e-10 1.3788238e-11 20043964 415376.74 
3.26e-17 6.432811e-10 1.3829776e-11 20043965 415376.77 
3.27e-17 6.452855e-10 1.3871313e-11 20043966 415376.8 
3.28e-17 6.472899e-10 1.3912851e-11 20043968 415376.83 
3.29e-17 6.4929429e-10 1.3954389e-11 20043969 415376.85 
3.3e-17 6.5129869e-10 1.3995926e-11 20043970 415376.88 
3.31e-17 6.5330309e-10 1.4037464e-11 20043971 415376.91 
3.32e-17 6.5530748e-10 1.4079002e-11 20043973 415376.94 
3.33e-17 6.5731188e-10 1.412054e-11 20043974 415376.96 
3.34e-17 6.5931628e-10 1.4162077e-11 20043975 415376.99 
3.35e-17 6.6132068e-10 1.4203615e-11 20043977 415377.02 
3.36e-17 6.6332508e-10 1.4245153e-11 20043978 415377.04 
3.37e-17 6.6532947e-10 1.428669e-11 20043979 415377.07 
3.38e-17 6.6733387e-10 1.4328228e-11 20043980 415377.1 
3.39e-17 6.6933827e-10 1.4369766e-11 20043981 415377.12 
3.4e-17 6.7134267e-10 1.4411304e-11 20043983 415377.15 
3.41e-17 6.7334707e-10 1.4452841e-11 20043984 415377.17 
3.42e-17 6.7535146e-10 1.4494379e-11 20043985 415377.2 
3.43e-17 6.7735586e-10 1.4535917e-11 20043986 415377.23 
3.44e-17 6.7936026e-10 1.4577454e-11 20043987 415377.25 
3.45e-17 6.8136466e-10 1.4618992e-11 20043989 415377.28 
3.46e-17 6.8336906e-10 1.466053e-11 20043990 415377.3 
3.47e-17 6.8537346e-10 1.4702068e-11 20043991 415377.33 
3.48e-17 6.8737786e-10 1.4743605e-11 20043992 415377.35 
3.49e-17 6.8938226e-10 1.4785143e-11 20043993 415377.38 
3.5e-17 6.9138666e-10 1.4826681e-11 20043994 415377.4 
3.51e-17 6.9339106e-10 1.4868219e-11 20043996 415377.42 
3.52e-17 6.9539545e-10 1.4909756e-11 20043997 415377.45 
3.53e-17 6.9739985e-10 1.4951294e-11 20043998 415377.47 
3.54e-17 6.9940425e-10 1.4992832e-11 20043999 415377.5 
3.55e-17 7.0140865e-10 1.503437e-11 20044000 415377.52 
3.56e-17 7.0341305e-10 1.5075907e-11 20044001 415377.54 
3.57e-17 7.0541745e-10 1.5117445e-11 20044002 415377.57 
3.58e-17 7.0742185e-10 1.5158983e-11 20044003 415377.59 
3.59e-17 7.0942626e-10 1.5200521e-11 20044004 415377.61 
3.6e-17 7.1143066e-10 1.5242058e-11 20044005 415377.64 
3.61e-17 7.1343506e-10 1.5283596e-11 20044007 415377.66 
3.62e-17 7.1543946e-10 1.5325134e-11 20044008 415377.68 
3.63e-17 7.1744386e-10 1.5366672e-11 20044009 415377.71 
3.64e-17 7.1944826e-10 1.5408209e-11 20044010 415377.73 
3.65e-17 7.2145266e-10 1.5449747e-11 20044011 415377.75 
3.66e-17 7.2345706e-10 1.5491285e-11 20044012 415377.77 
3.67e-17 7.2546146e-10 1.5532823e-11 20044013 415377.8 
3.68e-17 7.2746586e-10 1.557436e-11 20044014 415377.82 
3.69e-17 7.2947026e-10 1.5615898e-11 20044015 415377.84 
3.7e-17 7.3147467e-10 1.5657436e-11 20044016 415377.86 
3.71e-17 7.3347907e-10 1.5698974e-11 20044017 415377.88 
3.72e-17 7.3548347e-10 1.5740512e-11 20044018 415377.9 
3.73e-17 7.3748787e-10 1.5782049e-11 20044019 415377.93 
3.74e-17 7.3949227e-10 1.5823587e-11 20044020 415377.95 
3.75e-17 7.4149668e-10 1.5865125e-11 20044021 415377.97 
3.76e-17 7.4350108e-10 1.5906663e-11 20044022 415377.99 
3.77e-17 7.4550548e-10 1.5948201e-11 20044023 415378.01 
3.78e-17 7.4750988e-10 1.5989738e-11 20044024 415378.03 
3.79e-17 7.4951428e-10 1.6031276e-11 20044025 415378.05 
3.8e-17 7.5151869e-10 1.6072814e-11 20044026 415378.07 
3.81e-17 7.5352309e-10 1.6114352e-11 20044027 415378.09 
3.82e-17 7.5552749e-10 1.615589e-11 20044028 415378.11 
3.83e-17 7.575319e-10 1.6197427e-11 20044029 415378.13 
3.84e-17 7.595363e-10 1.6238965e-11 20044030 415378.15 
3.85e-17 7.615407e-10 1.6280503e-11 20044031 415378.17 
3.86e-17 7.635451e-10 1.6322041e-11 20044031 415378.19 
3.87e-17 7.6554951e-10 1.6363579e-11 20044032 415378.21 
3.88e-17 7.6755391e-10 1.6405117e-11 20044033 415378.23 
3.89e-17 7.6955831e-10 1.6446654e-11 20044034 415378.25 
3.9e-17 7.7156272e-10 1.6488192e-11 20044035 415378.27 
3.91e-17 7.7356712e-10 1.652973e-11 20044036 415378.29 
3.92e-17 7.7557153e-10 1.6571268e-11 20044037 415378.31 
3.93e-17 7.7757593e-10 1.6612806e-11 20044038 415378.33 
3.94e-17 7.7958033e-10 1.6654344e-11 20044039 415378.35 
3.95e-17 7.8158474e-10 1.6695881e-11 20044040 415378.37 
3.96e-17 7.8358914e-10 1.6737419e-11 20044041 415378.39 
3.97e-17 7.8559354e-10 1.6778957e-11 20044041 415378.41 
3.98e-17 7.8759795e-10 1.6820495e-11 20044042 415378.43 
3.99e-17 7.8960235e-10 1.6862033e-11 20044043 415378.45 
4e-17 7.9160676e-10 1.6903571e-11 20044044 415378.46 
4.01e-17 7.9361116e-10 1.6945108e-11 20044045 415378.48 
4.02e-17 7.9561557e-10 1.6986646e-11 20044046 415378.5 
4.03e-17 7.9761997e-10 1.7028184e-11 20044047 415378.52 
4.04e-17 7.9962438e-10 1.7069722e-11 20044048 415378.54 
4.05e-17 8.0162878e-10 1.711126e-11 20044048 415378.56 
4.06e-17 8.0363319e-10 1.7152798e-11 20044049 415378.57 
4.07e-17 8.0563759e-10 1.7194336e-11 20044050 415378.59 
4.08e-17 8.07642e-10 1.7235873e-11 20044051 415378.61 
4.09e-17 8.096464e-10 1.7277411e-11 20044052 415378.63 
4.1e-17 8.1165081e-10 1.7318949e-11 20044053 415378.65 
4.11e-17 8.1365521e-10 1.7360487e-11 20044053 415378.66 
4.12e-17 8.1565962e-10 1.7402025e-11 20044054 415378.68 
4.13e-17 8.1766402e-10 1.7443563e-11 20044055 415378.7 
4.14e-17 8.1966843e-10 1.7485101e-11 20044056 415378.71 
4.15e-17 8.2167283e-10 1.7526638e-11 20044057 415378.73 
4.16e-17 8.2367724e-10 1.7568176e-11 20044057 415378.75 
4.17e-17 8.2568164e-10 1.7609714e-11 20044058 415378.77 
4.18e-17 8.2768605e-10 1.7651252e-11 20044059 415378.78 
4.19e-17 8.2969046e-10 1.769279e-11 20044060 415378.8 
4.2e-17 8.3169486e-10 1.7734328e-11 20044061 415378.82 
4.21e-17 8.3369927e-10 1.7775866e-11 20044061 415378.83 
4.22e-17 8.3570367e-10 1.7817404e-11 20044062 415378.85 
4.23e-17 8.3770808e-10 1.7858942e-11 20044063 415378.87 
4.24e-17 8.3971249e-10 1.7900479e-11 20044064 415378.88 
4.25e-17 8.4171689e-10 1.7942017e-11 20044065 415378.9 
4.26e-17 8.437213e-10 1.7983555e-11 20044065 415378.92 
4.27e-17 8.4572571e-10 1.8025093e-11 20044066 415378.93 
4.28e-17 8.4773011e-10 1.8066631e-11 20044067 415378.95 
4.29e-17 8.4973452e-10 1.8108169e-11 20044068 415378.96 
4.3e-17 8.5173893e-10 1.8149707e-11 20044068 415378.98 
4.31e-17 8.5374333e-10 1.8191245e-11 20044069 415379 
4.32e-17 8.5574774e-10 1.8232783e-11 20044070 415379.01 
4.33e-17 8.5775215e-10 1.827432e-11 20044071 415379.03 
4.34e-17 8.5975655e-10 1.8315858e-11 20044071 415379.04 
4.35e-17 8.6176096e-10 1.8357396e-11 20044072 415379.06 
4.36e-17 8.6376537e-10 1.8398934e-11 20044073 415379.08 
4.37e-17 8.6576978e-10 1.8440472e-11 20044073 415379.09 
4.38e-17 8.6777418e-10 1.848201e-11 20044074 415379.11 
4.39e-17 8.6977859e-10 1.8523548e-11 20044075 415379.12 
4.4e-17 8.71783e-10 1.8565086e-11 20044076 415379.14 
4.41e-17 8.7378741e-10 1.8606624e-11 20044076 415379.15 
4.42e-17 8.7579181e-10 1.8648162e-11 20044077 415379.17 
4.43e-17 8.7779622e-10 1.86897e-11 20044078 415379.18 
4.44e-17 8.7980063e-10 1.8731237e-11 20044078 415379.2 
4.45e-17 8.8180504e-10 1.8772775e-11 20044079 415379.21 
4.46e-17 8.8380945e-10 1.8814313e-11 20044080 415379.23 
4.47e-17 8.8581385e-10 1.8855851e-11 20044081 415379.24 
4.48e-17 8.8781826e-10 1.8897389e-11 20044081 415379.26 
4.49e-17 8.8982267e-10 1.8938927e-11 20044082 415379.27 
4.5e-17 8.9182708e-10 1.8980465e-11 20044083 415379.29 
4.51e-17 8.9383149e-10 1.9022003e-11 20044083 415379.3 
4.52e-17 8.9583589e-10 1.9063541e-11 20044084 415379.32 
4.53e-17 8.978403e-10 1.9105079e-11 20044085 415379.33 
4.54e-17 8.9984471e-10 1.9146617e-11 20044085 415379.34 
4.55e-17 9.0184912e-10 1.9188155e-11 20044086 415379.36 
4.56e-17 9.0385353e-10 1.9229693e-11 20044087 415379.37 
4.57e-17 9.0585794e-10 1.9271231e-11 20044087 415379.39 
4.58e-17 9.0786235e-10 1.9312769e-11 20044088 415379.4 
4.59e-17 9.0986676e-10 1.9354306e-11 20044089 415379.41 
4.6e-17 9.1187116e-10 1.9395844e-11 20044089 415379.43 
4.61e-17 9.1387557e-10 1.9437382e-11 20044090 415379.44 
4.62e-17 9.1587998e-10 1.947892e-11 20044091 415379.46 
4.63e-17 9.1788439e-10 1.9520458e-11 20044091 415379.47 
4.64e-17 9.198888e-10 1.9561996e-11 20044092 415379.48 
4.65e-17 9.2189321e-10 1.9603534e-11 20044093 415379.5 
4.66e-17 9.2389762e-10 1.9645072e-11 20044093 415379.51 
4.67e-17 9.2590203e-10 1.968661e-11 20044094 415379.52 
4.68e-17 9.2790644e-10 1.9728148e-11 20044095 415379.54 
4.69e-17 9.2991085e-10 1.9769686e-11 20044095 415379.55 
4.7e-17 9.3191526e-10 1.9811224e-11 20044096 415379.56 
4.71e-17 9.3391967e-10 1.9852762e-11 20044096 415379.58 
4.72e-17 9.3592408e-10 1.98943e-11 20044097 415379.59 
4.73e-17 9.3792849e-10 1.9935838e-11 20044098 415379.6 
4.74e-17 9.399329e-10 1.9977376e-11 20044098 415379.62 
4.75e-17 9.4193731e-10 2.0018914e-11 20044099 415379.63 
4.76e-17 9.4394172e-10 2.0060452e-11 20044099 415379.64 
4.77e-17 9.4594613e-10 2.010199e-11 20044100 415379.66 
4.78e-17 9.4795054e-10 2.0143528e-11 20044101 415379.67 
4.79e-17 9.4995495e-10 2.0185066e-11 20044101 415379.68 
4.8e-17 9.5195936e-10 2.0226604e-11 20044102 415379.7 
4.81e-17 9.5396377e-10 2.0268141e-11 20044102 415379.71 
4.82e-17 9.5596818e-10 2.0309679e-11 20044103 415379.72 
4.83e-17 9.5797259e-10 2.0351217e-11 20044104 415379.73 
4.84e-17 9.59977e-10 2.0392755e-11 20044104 415379.75 
4.85e-17 9.6198141e-10 2.0434293e-11 20044105 415379.76 
4.86e-17 9.6398582e-10 2.0475831e-11 20044105 415379.77 
4.87e-17 9.6599023e-10 2.0517369e-11 20044106 415379.78 
4.88e-17 9.6799464e-10 2.0558907e-11 20044107 415379.8 
4.89e-17 9.6999905e-10 2.0600445e-11 20044107 415379.81 
4.9e-17 9.7200346e-10 2.0641983e-11 20044108 415379.82 
4.91e-17 9.7400787e-10 2.0683521e-11 20044108 415379.83 
4.92e-17 9.7601228e-10 2.0725059e-11 20044109 415379.84 
4.93e-17 9.7801669e-10 2.0766597e-11 20044109 415379.86 
4.94e-17 9.800211e-10 2.0808135e-11 20044110 415379.87 
4.95e-17 9.8202552e-10 2.0849673e-11 20044111 415379.88 
4.96e-17 9.8402993e-10 2.0891211e-11 20044111 415379.89 
4.97e-17 9.8603434e-10 2.0932749e-11 20044112 415379.9 
4.98e-17 9.8803875e-10 2.0974287e-11 20044112 415379.92 
4.99e-17 9.9004316e-10 2.1015825e-11 20044113 415379.93 
5e-17 9.9204757e-10 2.1057363e-11 20044113 415379.94 
5.01e-17 9.9405198e-10 2.1098901e-11 20044114 415379.95 
5.02e-17 9.9605639e-10 2.1140439e-11 20044115 415379.96 
5.03e-17 9.9806081e-10 2.1181977e-11 20044115 415379.97 
5.04e-17 1.0000652e-09 2.1223515e-11 20044116 415379.99 
5.05e-17 1.0020696e-09 2.1265053e-11 20044116 415380 
5.06e-17 1.004074e-09 2.1306591e-11 20044117 415380.01 
5.07e-17 1.0060785e-09 2.1348129e-11 20044117 415380.02 
5.08e-17 1.0080829e-09 2.1389667e-11 20044118 415380.03 
5.09e-17 1.0100873e-09 2.1431205e-11 20044118 415380.04 
5.1e-17 1.0120917e-09 2.1472743e-11 20044119 415380.05 
5.11e-17 1.0140961e-09 2.1514281e-11 20044119 415380.07 
5.12e-17 1.0161005e-09 2.1555819e-11 20044120 415380.08 
5.13e-17 1.0181049e-09 2.1597357e-11 20044120 415380.09 
5.14e-17 1.0201093e-09 2.1638895e-11 20044121 415380.1 
5.15e-17 1.0221137e-09 2.1680433e-11 20044121 415380.11 
5.16e-17 1.0241182e-09 2.1721971e-11 20044122 415380.12 
5.17e-17 1.0261226e-09 2.1763509e-11 20044123 415380.13 
5.18e-17 1.028127e-09 2.1805047e-11 20044123 415380.14 
5.19e-17 1.0301314e-09 2.1846585e-11 20044124 415380.15 
5.2e-17 1.0321358e-09 2.1888123e-11 20044124 415380.17 
5.21e-17 1.0341402e-09 2.1929661e-11 20044125 415380.18 
5.22e-17 1.0361446e-09 2.1971199e-11 20044125 415380.19 
5.23e-17 1.038149e-09 2.2012737e-11 20044126 415380.2 
5.24e-17 1.0401535e-09 2.2054275e-11 20044126 415380.21 
5.25e-17 1.0421579e-09 2.2095813e-11 20044127 415380.22 
5.26e-17 1.0441623e-09 2.2137351e-11 20044127 415380.23 
5.27e-17 1.0461667e-09 2.2178889e-11 20044128 415380.24 
5.28e-17 1.0481711e-09 2.2220427e-11 20044128 415380.25 
5.29e-17 1.0501755e-09 2.2261965e-11 20044129 415380.26 
5.3e-17 1.0521799e-09 2.2303503e-11 20044129 415380.27 
5.31e-17 1.0541843e-09 2.2345042e-11 20044130 415380.28 
5.32e-17 1.0561888e-09 2.238658e-11 20044130 415380.29 
5.33e-17 1.0581932e-09 2.2428118e-11 20044131 415380.3 
5.34e-17 1.0601976e-09 2.2469656e-11 20044131 415380.31 
5.35e-17 1.062202e-09 2.2511194e-11 20044132 415380.32 
5.36e-17 1.0642064e-09 2.2552732e-11 20044132 415380.33 
5.37e-17 1.0662108e-09 2.259427e-11 20044132 415380.34 
5.38e-17 1.0682152e-09 2.2635808e-11 20044133 415380.35 
5.39e-17 1.0702197e-09 2.2677346e-11 20044133 415380.36 
5.4e-17 1.0722241e-09 2.2718884e-11 20044134 415380.37 
5.41e-17 1.0742285e-09 2.2760422e-11 20044134 415380.38 
5.42e-17 1.0762329e-09 2.280196e-11 20044135 415380.39 
5.43e-17 1.0782373e-09 2.2843498e-11 20044135 415380.4 
5.44e-17 1.0802417e-09 2.2885036e-11 20044136 415380.41 
5.45e-17 1.0822461e-09 2.2926574e-11 20044136 415380.42 
5.46e-17 1.0842505e-09 2.2968112e-11 20044137 415380.43 
5.47e-17 1.086255e-09 2.300965e-11 20044137 415380.44 
5.48e-17 1.0882594e-09 2.3051188e-11 20044138 415380.45 
5.49e-17 1.0902638e-09 2.3092726e-11 20044138 415380.46 
5.5e-17 1.0922682e-09 2.3134264e-11 20044139 415380.47 
5.51e-17 1.0942726e-09 2.3175802e-11 20044139 415380.48 
5.52e-17 1.096277e-09 2.321734e-11 20044139 415380.49 
5.53e-17 1.0982814e-09 2.3258878e-11 20044140 415380.5 
5.54e-17 1.1002859e-09 2.3300416e-11 20044140 415380.51 
5.55e-17 1.1022903e-09 2.3341954e-11 20044141 415380.52 
5.56e-17 1.1042947e-09 2.3383493e-11 20044141 415380.53 
5.57e-17 1.1062991e-09 2.3425031e-11 20044142 415380.54 
5.58e-17 1.1083035e-09 2.3466569e-11 20044142 415380.55 
5.59e-17 1.1103079e-09 2.3508107e-11 20044143 415380.56 
5.6e-17 1.1123123e-09 2.3549645e-11 20044143 415380.57 
5.61e-17 1.1143168e-09 2.3591183e-11 20044143 415380.58 
5.62e-17 1.1163212e-09 2.3632721e-11 20044144 415380.59 
5.63e-17 1.1183256e-09 2.3674259e-11 20044144 415380.6 
5.64e-17 1.12033e-09 2.3715797e-11 20044145 415380.6 
5.65e-17 1.1223344e-09 2.3757335e-11 20044145 415380.61 
5.66e-17 1.1243388e-09 2.3798873e-11 20044146 415380.62 
5.67e-17 1.1263432e-09 2.3840411e-11 20044146 415380.63 
5.68e-17 1.1283477e-09 2.3881949e-11 20044146 415380.64 
5.69e-17 1.1303521e-09 2.3923487e-11 20044147 415380.65 
5.7e-17 1.1323565e-09 2.3965025e-11 20044147 415380.66 
5.71e-17 1.1343609e-09 2.4006563e-11 20044148 415380.67 
5.72e-17 1.1363653e-09 2.4048101e-11 20044148 415380.68 
5.73e-17 1.1383697e-09 2.408964e-11 20044149 415380.69 
5.74e-17 1.1403741e-09 2.4131178e-11 20044149 415380.69 
5.75e-17 1.1423786e-09 2.4172716e-11 20044149 415380.7 
5.76e-17 1.144383e-09 2.4214254e-11 20044150 415380.71 
5.77e-17 1.1463874e-09 2.4255792e-11 20044150 415380.72 
5.78e-17 1.1483918e-09 2.429733e-11 20044151 415380.73 
5.79e-17 1.1503962e-09 2.4338868e-11 20044151 415380.74 
5.8e-17 1.1524006e-09 2.4380406e-11 20044152 415380.75 
5.81e-17 1.1544051e-09 2.4421944e-11 20044152 415380.76 
5.82e-17 1.1564095e-09 2.4463482e-11 20044152 415380.76 
5.83e-17 1.1584139e-09 2.450502e-11 20044153 415380.77 
5.84e-17 1.1604183e-09 2.4546558e-11 20044153 415380.78 
5.85e-17 1.1624227e-09 2.4588096e-11 20044154 415380.79 
5.86e-17 1.1644271e-09 2.4629635e-11 20044154 415380.8 
5.87e-17 1.1664315e-09 2.4671173e-11 20044154 415380.81 
5.88e-17 1.168436e-09 2.4712711e-11 20044155 415380.82 
5.89e-17 1.1704404e-09 2.4754249e-11 20044155 415380.82 
5.9e-17 1.1724448e-09 2.4795787e-11 20044156 415380.83 
5.91e-17 1.1744492e-09 2.4837325e-11 20044156 415380.84 
5.92e-17 1.1764536e-09 2.4878863e-11 20044156 415380.85 
5.93e-17 1.178458e-09 2.4920401e-11 20044157 415380.86 
5.94e-17 1.1804625e-09 2.4961939e-11 20044157 415380.87 
5.95e-17 1.1824669e-09 2.5003477e-11 20044158 415380.87 
5.96e-17 1.1844713e-09 2.5045015e-11 20044158 415380.88 
5.97e-17 1.1864757e-09 2.5086553e-11 20044158 415380.89 
5.98e-17 1.1884801e-09 2.5128092e-11 20044159 415380.9 
5.99e-17 1.1904845e-09 2.516963e-11 20044159 415380.91 
6e-17 1.1924889e-09 2.5211168e-11 20044159 415380.91 
6.01e-17 1.1944934e-09 2.5252706e-11 20044160 415380.92 
6.02e-17 1.1964978e-09 2.5294244e-11 20044160 415380.93 
6.03e-17 1.1985022e-09 2.5335782e-11 20044161 415380.94 
6.04e-17 1.2005066e-09 2.537732e-11 20044161 415380.95 
6.05e-17 1.202511e-09 2.5418858e-11 20044161 415380.95 
6.06e-17 1.2045154e-09 2.5460396e-11 20044162 415380.96 
6.07e-17 1.2065199e-09 2.5501934e-11 20044162 415380.97 
6.08e-17 1.2085243e-09 2.5543472e-11 20044162 415380.98 
6.09e-17 1.2105287e-09 2.5585011e-11 20044163 415380.99 
6.1e-17 1.2125331e-09 2.5626549e-11 20044163 415380.99 
6.11e-17 1.2145375e-09 2.5668087e-11 20044164 415381 
6.12e-17 1.2165419e-09 2.5709625e-11 20044164 415381.01 
6.13e-17 1.2185464e-09 2.5751163e-11 20044164 415381.02 
6.14e-17 1.2205508e-09 2.5792701e-11 20044165 415381.03 
6.15e-17 1.2225552e-09 2.5834239e-11 20044165 415381.03 
6.16e-17 1.2245596e-09 2.5875777e-11 20044165 415381.04 
6.17e-17 1.226564e-09 2.5917315e-11 20044166 415381.05 
6.18e-17 1.2285684e-09 2.5958854e-11 20044166 415381.06 
6.19e-17 1.2305729e-09 2.6000392e-11 20044166 415381.06 
6.2e-17 1.2325773e-09 2.604193e-11 20044167 415381.07 
6.21e-17 1.2345817e-09 2.6083468e-11 20044167 415381.08 
6.22e-17 1.2365861e-09 2.6125006e-11 20044168 415381.09 
6.23e-17 1.2385905e-09 2.6166544e-11 20044168 415381.09 
6.24e-17 1.2405949e-09 2.6208082e-11 20044168 415381.1 
6.25e-17 1.2425994e-09 2.624962e-11 20044169 415381.11 
6.26e-17 1.2446038e-09 2.6291158e-11 20044169 415381.12 
6.27e-17 1.2466082e-09 2.6332696e-11 20044169 415381.12 
6.28e-17 1.2486126e-09 2.6374235e-11 20044170 415381.13 
6.29e-17 1.250617e-09 2.6415773e-11 20044170 415381.14 
6.3e-17 1.2526214e-09 2.6457311e-11 20044170 415381.15 
6.31e-17 1.2546259e-09 2.6498849e-11 20044171 415381.15 
6.32e-17 1.2566303e-09 2.6540387e-11 20044171 415381.16 
6.33e-17 1.2586347e-09 2.6581925e-11 20044171 415381.17 
6.34e-17 1.2606391e-09 2.6623463e-11 20044172 415381.17 
6.35e-17 1.2626435e-09 2.6665001e-11 20044172 415381.18 
6.36e-17 1.2646479e-09 2.670654e-11 20044172 415381.19 
6.37e-17 1.2666524e-09 2.6748078e-11 20044173 415381.2 
6.38e-17 1.2686568e-09 2.6789616e-11 20044173 415381.2 
6.39e-17 1.2706612e-09 2.6831154e-11 20044173 415381.21 
6.4e-17 1.2726656e-09 2.6872692e-11 20044174 415381.22 
6.41e-17 1.27467e-09 2.691423e-11 20044174 415381.22 
6.42e-17 1.2766745e-09 2.6955768e-11 20044174 415381.23 
6.43e-17 1.2786789e-09 2.6997306e-11 20044175 415381.24 
6.44e-17 1.2806833e-09 2.7038844e-11 20044175 415381.25 
6.45e-17 1.2826877e-09 2.7080383e-11 20044175 415381.25 
6.46e-17 1.2846921e-09 2.7121921e-11 20044176 415381.26 
6.47e-17 1.2866965e-09 2.7163459e-11 20044176 415381.27 
6.48e-17 1.288701e-09 2.7204997e-11 20044176 415381.27 
6.49e-17 1.2907054e-09 2.7246535e-11 20044177 415381.28 
6.5e-17 1.2927098e-09 2.7288073e-11 20044177 415381.29 
6.51e-17 1.2947142e-09 2.7329611e-11 20044177 415381.29 
6.52e-17 1.2967186e-09 2.737115e-11 20044178 415381.3 
6.53e-17 1.298723e-09 2.7412688e-11 20044178 415381.31 
6.54e-17 1.3007275e-09 2.7454226e-11 20044178 415381.32 
6.55e-17 1.3027319e-09 2.7495764e-11 20044179 415381.32 
6.56e-17 1.3047363e-09 2.7537302e-11 20044179 415381.33 
6.57e-17 1.3067407e-09 2.757884e-11 20044179 415381.34 
6.58e-17 1.3087451e-09 2.7620378e-11 20044180 415381.34 
6.59e-17 1.3107496e-09 2.7661916e-11 20044180 415381.35 
6.6e-17 1.312754e-09 2.7703455e-11 20044180 415381.36 
6.61e-17 1.3147584e-09 2.7744993e-11 20044181 415381.36 
6.62e-17 1.3167628e-09 2.7786531e-11 20044181 415381.37 
6.63e-17 1.3187672e-09 2.7828069e-11 20044181 415381.38 
6.64e-17 1.3207716e-09 2.7869607e-11 20044182 415381.38 
6.65e-17 1.3227761e-09 2.7911145e-11 20044182 415381.39 
6.66e-17 1.3247805e-09 2.7952683e-11 20044182 415381.4 
6.67e-17 1.3267849e-09 2.7994222e-11 20044182 415381.4 
6.68e-17 1.3287893e-09 2.803576e-11 20044183 415381.41 
6.69e-17 1.3307937e-09 2.8077298e-11 20044183 415381.41 
6.7e-17 1.3327982e-09 2.8118836e-11 20044183 415381.42 
6.71e-17 1.3348026e-09 2.8160374e-11 20044184 415381.43 
6.72e-17 1.336807e-09 2.8201912e-11 20044184 415381.43 
6.73e-17 1.3388114e-09 2.824345e-11 20044184 415381.44 
6.74e-17 1.3408158e-09 2.8284989e-11 20044185 415381.45 
6.75e-17 1.3428202e-09 2.8326527e-11 20044185 415381.45 
6.76e-17 1.3448247e-09 2.8368065e-11 20044185 415381.46 
6.77e-17 1.3468291e-09 2.8409603e-11 20044186 415381.47 
6.78e-17 1.3488335e-09 2.8451141e-11 20044186 415381.47 
6.79e-17 1.3508379e-09 2.8492679e-11 20044186 415381.48 
6.8e-17 1.3528423e-09 2.8534217e-11 20044186 415381.48 
6.81e-17 1.3548468e-09 2.8575756e-11 20044187 415381.49 
6.82e-17 1.3568512e-09 2.8617294e-11 20044187 415381.5 
6.83e-17 1.3588556e-09 2.8658832e-11 20044187 415381.5 
6.84e-17 1.36086e-09 2.870037e-11 20044188 415381.51 
6.85e-17 1.3628644e-09 2.8741908e-11 20044188 415381.52 
6.86e-17 1.3648688e-09 2.8783446e-11 20044188 415381.52 
6.87e-17 1.3668733e-09 2.8824984e-11 20044188 415381.53 
6.88e-17 1.3688777e-09 2.8866523e-11 20044189 415381.53 
6.89e-17 1.3708821e-09 2.8908061e-11 20044189 415381.54 
6.9e-17 1.3728865e-09 2.8949599e-11 20044189 415381.55 
6.91e-17 1.3748909e-09 2.8991137e-11 20044190 415381.55 
6.92e-17 1.3768954e-09 2.9032675e-11 20044190 415381.56 
6.93e-17 1.3788998e-09 2.9074213e-11 20044190 415381.56 
6.94e-17 1.3809042e-09 2.9115752e-11 20044191 415381.57 
6.95e-17 1.3829086e-09 2.915729e-11 20044191 415381.58 
6.96e-17 1.384913e-09 2.9198828e-11 20044191 415381.58 
6.97e-17 1.3869175e-09 2.9240366e-11 20044191 415381.59 
6.98e-17 1.3889219e-09 2.9281904e-11 20044192 415381.59 
6.99e-17 1.3909263e-09 2.9323442e-11 20044192 415381.6 
7e-17 1.3929307e-09 2.9364981e-11 20044192 415381.61 
7.01e-17 1.3949351e-09 2.9406519e-11 20044192 415381.61 
7.02e-17 1.3969396e-09 2.9448057e-11 20044193 415381.62 
7.03e-17 1.398944e-09 2.9489595e-11 20044193 415381.62 
7.04e-17 1.4009484e-09 2.9531133e-11 20044193 415381.63 
7.05e-17 1.4029528e-09 2.9572671e-11 20044194 415381.64 
7.06e-17 1.4049572e-09 2.9614209e-11 20044194 415381.64 
7.07e-17 1.4069617e-09 2.9655748e-11 20044194 415381.65 
7.08e-17 1.4089661e-09 2.9697286e-11 20044194 415381.65 
7.09e-17 1.4109705e-09 2.9738824e-11 20044195 415381.66 
7.1e-17 1.4129749e-09 2.9780362e-11 20044195 415381.66 
7.11e-17 1.4149793e-09 2.98219e-11 20044195 415381.67 
7.12e-17 1.4169837e-09 2.9863438e-11 20044196 415381.68 
7.13e-17 1.4189882e-09 2.9904977e-11 20044196 415381.68 
7.14e-17 1.4209926e-09 2.9946515e-11 20044196 415381.69 
7.15e-17 1.422997e-09 2.9988053e-11 20044196 415381.69 
7.16e-17 1.4250014e-09 3.0029591e-11 20044197 415381.7 
7.17e-17 1.4270058e-09 3.0071129e-11 20044197 415381.7 
7.18e-17 1.4290103e-09 3.0112668e-11 20044197 415381.71 
7.19e-17 1.4310147e-09 3.0154206e-11 20044197 415381.72 
7.2e-17 1.4330191e-09 3.0195744e-11 20044198 415381.72 
7.21e-17 1.4350235e-09 3.0237282e-11 20044198 415381.73 
7.22e-17 1.4370279e-09 3.027882e-11 20044198 415381.73 
7.23e-17 1.4390324e-09 3.0320358e-11 20044198 415381.74 
7.24e-17 1.4410368e-09 3.0361897e-11 20044199 415381.74 
7.25e-17 1.4430412e-09 3.0403435e-11 20044199 415381.75 
7.26e-17 1.4450456e-09 3.0444973e-11 20044199 415381.75 
7.27e-17 1.44705e-09 3.0486511e-11 20044200 415381.76 
7.28e-17 1.4490545e-09 3.0528049e-11 20044200 415381.77 
7.29e-17 1.4510589e-09 3.0569587e-11 20044200 415381.77 
7.3e-17 1.4530633e-09 3.0611126e-11 20044200 415381.78 
7.31e-17 1.4550677e-09 3.0652664e-11 20044201 415381.78 
7.32e-17 1.4570721e-09 3.0694202e-11 20044201 415381.79 
7.33e-17 1.4590766e-09 3.073574e-11 20044201 415381.79 
7.34e-17 1.461081e-09 3.0777278e-11 20044201 415381.8 
7.35e-17 1.4630854e-09 3.0818816e-11 20044202 415381.8 
7.36e-17 1.4650898e-09 3.0860355e-11 20044202 415381.81 
7.37e-17 1.4670942e-09 3.0901893e-11 20044202 415381.81 
7.38e-17 1.4690987e-09 3.0943431e-11 20044202 415381.82 
7.39e-17 1.4711031e-09 3.0984969e-11 20044203 415381.82 
7.4e-17 1.4731075e-09 3.1026507e-11 20044203 415381.83 
7.41e-17 1.4751119e-09 3.1068046e-11 20044203 415381.84 
7.42e-17 1.4771163e-09 3.1109584e-11 20044203 415381.84 
7.43e-17 1.4791208e-09 3.1151122e-11 20044204 415381.85 
7.44e-17 1.4811252e-09 3.119266e-11 20044204 415381.85 
7.45e-17 1.4831296e-09 3.1234198e-11 20044204 415381.86 
7.46e-17 1.485134e-09 3.1275737e-11 20044204 415381.86 
7.47e-17 1.4871384e-09 3.1317275e-11 20044205 415381.87 
7.48e-17 1.4891429e-09 3.1358813e-11 20044205 415381.87 
7.49e-17 1.4911473e-09 3.1400351e-11 20044205 415381.88 
7.5e-17 1.4931517e-09 3.1441889e-11 20044205 415381.88 
7.51e-17 1.4951561e-09 3.1483427e-11 20044206 415381.89 
7.52e-17 1.4971606e-09 3.1524966e-11 20044206 415381.89 
7.53e-17 1.499165e-09 3.1566504e-11 20044206 415381.9 
7.54e-17 1.5011694e-09 3.1608042e-11 20044206 415381.9 
7.55e-17 1.5031738e-09 3.164958e-11 20044207 415381.91 
7.56e-17 1.5051782e-09 3.1691118e-11 20044207 415381.91 
7.57e-17 1.5071827e-09 3.1732657e-11 20044207 415381.92 
7.58e-17 1.5091871e-09 3.1774195e-11 20044207 415381.92 
7.59e-17 1.5111915e-09 3.1815733e-11 20044207 415381.93 
7.6e-17 1.5131959e-09 3.1857271e-11 20044208 415381.93 
7.61e-17 1.5152003e-09 3.1898809e-11 20044208 415381.94 
7.62e-17 1.5172048e-09 3.1940348e-11 20044208 415381.94 
7.63e-17 1.5192092e-09 3.1981886e-11 20044208 415381.95 
7.64e-17 1.5212136e-09 3.2023424e-11 20044209 415381.95 
7.65e-17 1.523218e-09 3.2064962e-11 20044209 415381.96 
7.66e-17 1.5252224e-09 3.21065e-11 20044209 415381.96 
7.67e-17 1.5272269e-09 3.2148039e-11 20044209 415381.97 
7.68e-17 1.5292313e-09 3.2189577e-11 20044210 415381.97 
7.69e-17 1.5312357e-09 3.2231115e-11 20044210 415381.98 
7.7e-17 1.5332401e-09 3.2272653e-11 20044210 415381.98 
7.71e-17 1.5352445e-09 3.2314191e-11 20044210 415381.99 
7.72e-17 1.537249e-09 3.235573e-11 20044211 415381.99 
7.73e-17 1.5392534e-09 3.2397268e-11 20044211 415382 
7.74e-17 1.5412578e-09 3.2438806e-11 20044211 415382 
7.75e-17 1.5432622e-09 3.2480344e-11 20044211 415382.01 
7.76e-17 1.5452667e-09 3.2521882e-11 20044211 415382.01 
7.77e-17 1.5472711e-09 3.2563421e-11 20044212 415382.02 
7.78e-17 1.5492755e-09 3.2604959e-11 20044212 415382.02 
7.79e-17 1.5512799e-09 3.2646497e-11 20044212 415382.03 
7.8e-17 1.5532843e-09 3.2688035e-11 20044212 415382.03 
7.81e-17 1.5552888e-09 3.2729573e-11 20044213 415382.04 
7.82e-17 1.5572932e-09 3.2771112e-11 20044213 415382.04 
7.83e-17 1.5592976e-09 3.281265e-11 20044213 415382.04 
7.84e-17 1.561302e-09 3.2854188e-11 20044213 415382.05 
7.85e-17 1.5633064e-09 3.2895726e-11 20044213 415382.05 
7.86e-17 1.5653109e-09 3.2937264e-11 20044214 415382.06 
7.87e-17 1.5673153e-09 3.2978803e-11 20044214 415382.06 
7.88e-17 1.5693197e-09 3.3020341e-11 20044214 415382.07 
7.89e-17 1.5713241e-09 3.3061879e-11 20044214 415382.07 
7.9e-17 1.5733286e-09 3.3103417e-11 20044215 415382.08 
7.91e-17 1.575333e-09 3.3144955e-11 20044215 415382.08 
7.92e-17 1.5773374e-09 3.3186494e-11 20044215 415382.09 
7.93e-17 1.5793418e-09 3.3228032e-11 20044215 415382.09 
7.94e-17 1.5813462e-09 3.326957e-11 20044215 415382.1 
7.95e-17 1.5833507e-09 3.3311108e-11 20044216 415382.1 
7.96e-17 1.5853551e-09 3.3352646e-11 20044216 415382.1 
7.97e-17 1.5873595e-09 3.3394185e-11 20044216 415382.11 
7.98e-17 1.5893639e-09 3.3435723e-11 20044216 415382.11 
7.99e-17 1.5913683e-09 3.3477261e-11 20044217 415382.12 
8e-17 1.5933728e-09 3.3518799e-11 20044217 415382.12 
8.01e-17 1.5953772e-09 3.3560337e-11 20044217 415382.13 
8.02e-17 1.5973816e-09 3.3601876e-11 20044217 415382.13 
8.03e-17 1.599386e-09 3.3643414e-11 20044217 415382.14 
8.04e-17 1.6013905e-09 3.3684952e-11 20044218 415382.14 
8.05e-17 1.6033949e-09 3.372649e-11 20044218 415382.15 
8.06e-17 1.6053993e-09 3.3768029e-11 20044218 415382.15 
8.07e-17 1.6074037e-09 3.3809567e-11 20044218 415382.15 
8.08e-17 1.6094081e-09 3.3851105e-11 20044218 415382.16 
8.09e-17 1.6114126e-09 3.3892643e-11 20044219 415382.16 
8.1e-17 1.613417e-09 3.3934181e-11 20044219 415382.17 
8.11e-17 1.6154214e-09 3.397572e-11 20044219 415382.17 
8.12e-17 1.6174258e-09 3.4017258e-11 20044219 415382.18 
8.13e-17 1.6194303e-09 3.4058796e-11 20044219 415382.18 
8.14e-17 1.6214347e-09 3.4100334e-11 20044220 415382.19 
8.15e-17 1.6234391e-09 3.4141873e-11 20044220 415382.19 
8.16e-17 1.6254435e-09 3.4183411e-11 20044220 415382.19 
8.17e-17 1.6274479e-09 3.4224949e-11 20044220 415382.2 
8.18e-17 1.6294524e-09 3.4266487e-11 20044221 415382.2 
8.19e-17 1.6314568e-09 3.4308025e-11 20044221 415382.21 
8.2e-17 1.6334612e-09 3.4349564e-11 20044221 415382.21 
8.21e-17 1.6354656e-09 3.4391102e-11 20044221 415382.22 
8.22e-17 1.63747e-09 3.443264e-11 20044221 415382.22 
8.23e-17 1.6394745e-09 3.4474178e-11 20044222 415382.22 
8.24e-17 1.6414789e-09 3.4515717e-11 20044222 415382.23 
8.25e-17 1.6434833e-09 3.4557255e-11 20044222 415382.23 
8.26e-17 1.6454877e-09 3.4598793e-11 20044222 415382.24 
8.27e-17 1.6474922e-09 3.4640331e-11 20044222 415382.24 
8.28e-17 1.6494966e-09 3.4681869e-11 20044223 415382.25 
8.29e-17 1.651501e-09 3.4723408e-11 20044223 415382.25 
8.3e-17 1.6535054e-09 3.4764946e-11 20044223 415382.25 
8.31e-17 1.6555098e-09 3.4806484e-11 20044223 415382.26 
8.32e-17 1.6575143e-09 3.4848022e-11 20044223 415382.26 
8.33e-17 1.6595187e-09 3.4889561e-11 20044224 415382.27 
8.34e-17 1.6615231e-09 3.4931099e-11 20044224 415382.27 
8.35e-17 1.6635275e-09 3.4972637e-11 20044224 415382.27 
8.36e-17 1.665532e-09 3.5014175e-11 20044224 415382.28 
8.37e-17 1.6675364e-09 3.5055713e-11 20044224 415382.28 
8.38e-17 1.6695408e-09 3.5097252e-11 20044225 415382.29 
8.39e-17 1.6715452e-09 3.513879e-11 20044225 415382.29 
8.4e-17 1.6735497e-09 3.5180328e-11 20044225 415382.29 
8.41e-17 1.6755541e-09 3.5221866e-11 20044225 415382.3 
8.42e-17 1.6775585e-09 3.5263405e-11 20044225 415382.3 
8.43e-17 1.6795629e-09 3.5304943e-11 20044225 415382.31 
8.44e-17 1.6815673e-09 3.5346481e-11 20044226 415382.31 
8.45e-17 1.6835718e-09 3.5388019e-11 20044226 415382.32 
8.46e-17 1.6855762e-09 3.5429558e-11 20044226 415382.32 
8.47e-17 1.6875806e-09 3.5471096e-11 20044226 415382.32 
8.48e-17 1.689585e-09 3.5512634e-11 20044226 415382.33 
8.49e-17 1.6915895e-09 3.5554172e-11 20044227 415382.33 
8.5e-17 1.6935939e-09 3.559571e-11 20044227 415382.34 
8.51e-17 1.6955983e-09 3.5637249e-11 20044227 415382.34 
8.52e-17 1.6976027e-09 3.5678787e-11 20044227 415382.34 
8.53e-17 1.6996071e-09 3.5720325e-11 20044227 415382.35 
8.54e-17 1.7016116e-09 3.5761863e-11 20044228 415382.35 
8.55e-17 1.703616e-09 3.5803402e-11 20044228 415382.35 
8.56e-17 1.7056204e-09 3.584494e-11 20044228 415382.36 
8.57e-17 1.7076248e-09 3.5886478e-11 20044228 415382.36 
8.58e-17 1.7096293e-09 3.5928016e-11 20044228 415382.37 
8.59e-17 1.7116337e-09 3.5969555e-11 20044229 415382.37 
8.6e-17 1.7136381e-09 3.6011093e-11 20044229 415382.37 
8.61e-17 1.7156425e-09 3.6052631e-11 20044229 415382.38 
8.62e-17 1.7176469e-09 3.6094169e-11 20044229 415382.38 
8.63e-17 1.7196514e-09 3.6135708e-11 20044229 415382.39 
8.64e-17 1.7216558e-09 3.6177246e-11 20044229 415382.39 
8.65e-17 1.7236602e-09 3.6218784e-11 20044230 415382.39 
8.66e-17 1.7256646e-09 3.6260322e-11 20044230 415382.4 
8.67e-17 1.7276691e-09 3.630186e-11 20044230 415382.4 
8.68e-17 1.7296735e-09 3.6343399e-11 20044230 415382.41 
8.69e-17 1.7316779e-09 3.6384937e-11 20044230 415382.41 
8.7e-17 1.7336823e-09 3.6426475e-11 20044231 415382.41 
8.71e-17 1.7356868e-09 3.6468013e-11 20044231 415382.42 
8.72e-17 1.7376912e-09 3.6509552e-11 20044231 415382.42 
8.73e-17 1.7396956e-09 3.655109e-11 20044231 415382.42 
8.74e-17 1.7417e-09 3.6592628e-11 20044231 415382.43 
8.75e-17 1.7437044e-09 3.6634166e-11 20044231 415382.43 
8.76e-17 1.7457089e-09 3.6675705e-11 20044232 415382.44 
8.77e-17 1.7477133e-09 3.6717243e-11 20044232 415382.44 
8.78e-17 1.7497177e-09 3.6758781e-11 20044232 415382.44 
8.79e-17 1.7517221e-09 3.6800319e-11 20044232 415382.45 
8.8e-17 1.7537266e-09 3.6841858e-11 20044232 415382.45 
8.81e-17 1.755731e-09 3.6883396e-11 20044232 415382.45 
8.82e-17 1.7577354e-09 3.6924934e-11 20044233 415382.46 
8.83e-17 1.7597398e-09 3.6966472e-11 20044233 415382.46 
8.84e-17 1.7617443e-09 3.7008011e-11 20044233 415382.47 
8.85e-17 1.7637487e-09 3.7049549e-11 20044233 415382.47 
8.86e-17 1.7657531e-09 3.7091087e-11 20044233 415382.47 
8.87e-17 1.7677575e-09 3.7132625e-11 20044234 415382.48 
8.88e-17 1.769762e-09 3.7174164e-11 20044234 415382.48 
8.89e-17 1.7717664e-09 3.7215702e-11 20044234 415382.48 
8.9e-17 1.7737708e-09 3.725724e-11 20044234 415382.49 
8.91e-17 1.7757752e-09 3.7298778e-11 20044234 415382.49 
8.92e-17 1.7777796e-09 3.7340317e-11 20044234 415382.49 
8.93e-17 1.7797841e-09 3.7381855e-11 20044235 415382.5 
8.94e-17 1.7817885e-09 3.7423393e-11 20044235 415382.5 
8.95e-17 1.7837929e-09 3.7464931e-11 20044235 415382.51 
8.96e-17 1.7857973e-09 3.750647e-11 20044235 415382.51 
8.97e-17 1.7878018e-09 3.7548008e-11 20044235 415382.51 
8.98e-17 1.7898062e-09 3.7589546e-11 20044235 415382.52 
8.99e-17 1.7918106e-09 3.7631084e-11 20044236 415382.52 
9e-17 1.793815e-09 3.7672623e-11 20044236 415382.52 
9.01e-17 1.7958195e-09 3.7714161e-11 20044236 415382.53 
9.02e-17 1.7978239e-09 3.7755699e-11 20044236 415382.53 
9.03e-17 1.7998283e-09 3.7797237e-11 20044236 415382.53 
9.04e-17 1.8018327e-09 3.7838776e-11 20044236 415382.54 
9.05e-17 1.8038372e-09 3.7880314e-11 20044237 415382.54 
9.06e-17 1.8058416e-09 3.7921852e-11 20044237 415382.54 
9.07e-17 1.807846e-09 3.796339e-11 20044237 415382.55 
9.08e-17 1.8098504e-09 3.8004929e-11 20044237 415382.55 
9.09e-17 1.8118548e-09 3.8046467e-11 20044237 415382.56 
9.1e-17 1.8138593e-09 3.8088005e-11 20044237 415382.56 
9.11e-17 1.8158637e-09 3.8129543e-11 20044238 415382.56 
9.12e-17 1.8178681e-09 3.8171082e-11 20044238 415382.57 
9.13e-17 1.8198725e-09 3.821262e-11 20044238 415382.57 
9.14e-17 1.821877e-09 3.8254158e-11 20044238 415382.57 
9.15e-17 1.8238814e-09 3.8295696e-11 20044238 415382.58 
9.16e-17 1.8258858e-09 3.8337235e-11 20044238 415382.58 
9.17e-17 1.8278902e-09 3.8378773e-11 20044239 415382.58 
9.18e-17 1.8298947e-09 3.8420311e-11 20044239 415382.59 
9.19e-17 1.8318991e-09 3.8461849e-11 20044239 415382.59 
9.2e-17 1.8339035e-09 3.8503388e-11 20044239 415382.59 
9.21e-17 1.8359079e-09 3.8544926e-11 20044239 415382.6 
9.22e-17 1.8379124e-09 3.8586464e-11 20044239 415382.6 
9.23e-17 1.8399168e-09 3.8628002e-11 20044240 415382.6 
9.24e-17 1.8419212e-09 3.8669541e-11 20044240 415382.61 
9.25e-17 1.8439256e-09 3.8711079e-11 20044240 415382.61 
9.26e-17 1.8459301e-09 3.8752617e-11 20044240 415382.61 
9.27e-17 1.8479345e-09 3.8794156e-11 20044240 415382.62 
9.28e-17 1.8499389e-09 3.8835694e-11 20044240 415382.62 
9.29e-17 1.8519433e-09 3.8877232e-11 20044241 415382.62 
9.3e-17 1.8539477e-09 3.891877e-11 20044241 415382.63 
9.31e-17 1.8559522e-09 3.8960309e-11 20044241 415382.63 
9.32e-17 1.8579566e-09 3.9001847e-11 20044241 415382.63 
9.33e-17 1.859961e-09 3.9043385e-11 20044241 415382.64 
9.34e-17 1.8619654e-09 3.9084923e-11 20044241 415382.64 
9.35e-17 1.8639699e-09 3.9126462e-11 20044241 415382.64 
9.36e-17 1.8659743e-09 3.9168e-11 20044242 415382.65 
9.37e-17 1.8679787e-09 3.9209538e-11 20044242 415382.65 
9.38e-17 1.8699831e-09 3.9251076e-11 20044242 415382.65 
9.39e-17 1.8719876e-09 3.9292615e-11 20044242 415382.66 
9.4e-17 1.873992e-09 3.9334153e-11 20044242 415382.66 
9.41e-17 1.8759964e-09 3.9375691e-11 20044242 415382.66 
9.42e-17 1.8780008e-09 3.9417229e-11 20044243 415382.67 
9.43e-17 1.8800053e-09 3.9458768e-11 20044243 415382.67 
9.44e-17 1.8820097e-09 3.9500306e-11 20044243 415382.67 
9.45e-17 1.8840141e-09 3.9541844e-11 20044243 415382.68 
9.46e-17 1.8860185e-09 3.9583383e-11 20044243 415382.68 
9.47e-17 1.888023e-09 3.9624921e-11 20044243 415382.68 
9.48e-17 1.8900274e-09 3.9666459e-11 20044243 415382.69 
9.49e-17 1.8920318e-09 3.9707997e-11 20044244 415382.69 
9.5e-17 1.8940362e-09 3.9749536e-11 20044244 415382.69 
9.51e-17 1.8960407e-09 3.9791074e-11 20044244 415382.69 
9.52e-17 1.8980451e-09 3.9832612e-11 20044244 415382.7 
9.53e-17 1.9000495e-09 3.987415e-11 20044244 415382.7 
9.54e-17 1.9020539e-09 3.9915689e-11 20044244 415382.7 
9.55e-17 1.9040584e-09 3.9957227e-11 20044245 415382.71 
9.56e-17 1.9060628e-09 3.9998765e-11 20044245 415382.71 
9.57e-17 1.9080672e-09 4.0040304e-11 20044245 415382.71 
9.58e-17 1.9100716e-09 4.0081842e-11 20044245 415382.72 
9.59e-17 1.9120761e-09 4.012338e-11 20044245 415382.72 
9.6e-17 1.9140805e-09 4.0164918e-11 20044245 415382.72 
9.61e-17 1.9160849e-09 4.0206457e-11 20044245 415382.73 
9.62e-17 1.9180893e-09 4.0247995e-11 20044246 415382.73 
9.63e-17 1.9200938e-09 4.0289533e-11 20044246 415382.73 
9.64e-17 1.9220982e-09 4.0331071e-11 20044246 415382.74 
9.65e-17 1.9241026e-09 4.037261e-11 20044246 415382.74 
9.66e-17 1.926107e-09 4.0414148e-11 20044246 415382.74 
9.67e-17 1.9281114e-09 4.0455686e-11 20044246 415382.74 
9.68e-17 1.9301159e-09 4.0497225e-11 20044246 415382.75 
9.69e-17 1.9321203e-09 4.0538763e-11 20044247 415382.75 
9.7e-17 1.9341247e-09 4.0580301e-11 20044247 415382.75 
9.71e-17 1.9361291e-09 4.0621839e-11 20044247 415382.76 
9.72e-17 1.9381336e-09 4.0663378e-11 20044247 415382.76 
9.73e-17 1.940138e-09 4.0704916e-11 20044247 415382.76 
9.74e-17 1.9421424e-09 4.0746454e-11 20044247 415382.77 
9.75e-17 1.9441468e-09 4.0787992e-11 20044247 415382.77 
9.76e-17 1.9461513e-09 4.0829531e-11 20044248 415382.77 
9.77e-17 1.9481557e-09 4.0871069e-11 20044248 415382.78 
9.78e-17 1.9501601e-09 4.0912607e-11 20044248 415382.78 
9.79e-17 1.9521645e-09 4.0954146e-11 20044248 415382.78 
9.8e-17 1.954169e-09 4.0995684e-11 20044248 415382.78 
9.81e-17 1.9561734e-09 4.1037222e-11 20044248 415382.79 
9.82e-17 1.9581778e-09 4.107876e-11 20044248 415382.79 
9.83e-17 1.9601822e-09 4.1120299e-11 20044249 415382.79 
9.84e-17 1.9621867e-09 4.1161837e-11 20044249 415382.8 
9.85e-17 1.9641911e-09 4.1203375e-11 20044249 415382.8 
9.86e-17 1.9661955e-09 4.1244914e-11 20044249 415382.8 
9.87e-17 1.9681999e-09 4.1286452e-11 20044249 415382.8 
9.88e-17 1.9702044e-09 4.132799e-11 20044249 415382.81 
9.89e-17 1.9722088e-09 4.1369528e-11 20044249 415382.81 
9.9e-17 1.9742132e-09 4.1411067e-11 20044250 415382.81 
9.91e-17 1.9762176e-09 4.1452605e-11 20044250 415382.82 
9.92e-17 1.9782221e-09 4.1494143e-11 20044250 415382.82 
9.93e-17 1.9802265e-09 4.1535681e-11 20044250 415382.82 
9.94e-17 1.9822309e-09 4.157722e-11 20044250 415382.83 
9.95e-17 1.9842353e-09 4.1618758e-11 20044250 415382.83 
9.96e-17 1.9862398e-09 4.1660296e-11 20044250 415382.83 
9.97e-17 1.9882442e-09 4.1701835e-11 20044251 415382.83 
9.98e-17 1.9902486e-09 4.1743373e-11 20044251 415382.84 
9.99e-17 1.992253e-09 4.1784911e-11 20044251 415382.84 
1e-16 1.9942575e-09 4.1826449e-11 20044251 415382.84 
