0 -1e-13 5e-15 20000000 0 
1e-22 -9.800275e-14 5.0001384e-15 19944629 2796.7894 
2e-22 -9.6011151e-14 5.0005652e-15 19886967 5769.3716 
3e-22 -9.4025438e-14 5.0012987e-15 19826876 8932.3876 
4e-22 -9.2045861e-14 5.0023586e-15 19764207 12301.988 
5e-22 -9.0072687e-14 5.0037665e-15 19698801 15896.02 
6e-22 -8.8106198e-14 5.0055459e-15 19630484 19734.237 
7e-22 -8.6146694e-14 5.0077222e-15 19559070 23838.538 
8e-22 -8.4194494e-14 5.0103233e-15 19484355 28233.251 
9e-22 -8.224994e-14 5.0133795e-15 19406119 32945.442 
1e-21 -8.0313395e-14 5.016924e-15 19324125 38005.288 
1.1e-21 -7.8385249e-14 5.0209932e-15 19238113 43446.49 
1.2e-21 -7.6465916e-14 5.0256272e-15 19147802 49306.769 
1.3e-21 -7.4555842e-14 5.03087e-15 19052883 55628.418 
1.4e-21 -7.2655504e-14 5.0367699e-15 18953022 62458.963 
1.5e-21 -7.0765415e-14 5.0433805e-15 18847854 69851.915 
1.6e-21 -6.8886124e-14 5.050761e-15 18736978 77867.657 
1.7e-21 -6.7018224e-14 5.058977e-15 18619957 86574.468 
1.8e-21 -6.5162353e-14 5.0681015e-15 18496309 96049.733 
1.9e-21 -6.33192e-14 5.0782155e-15 18365510 106381.34 
2e-21 -6.1489509e-14 5.0894096e-15 18226980 117669.36 
2.1e-21 -5.9674083e-14 5.1017851e-15 18080084 130027.93 
2.2e-21 -5.7873794e-14 5.1154552e-15 17924122 143587.6 
2.3e-21 -5.6089586e-14 5.1305476e-15 17758322 158497.98 
2.4e-21 -5.4322486e-14 5.1472055e-15 17581835 174930.91 
2.5e-21 -5.2573607e-14 5.1655911e-15 17393724 193084.23 
2.6e-21 -5.0844163e-14 5.1858873e-15 17192956 213186.11 
2.7e-21 -4.9135475e-14 5.208302e-15 16978390 235500.32 
2.8e-21 -4.7448986e-14 5.2330712e-15 16748768 260332.26 
2.9e-21 -4.5786269e-14 5.2604641e-15 16502707 288036.21 
3e-21 -4.4149044e-14 5.2907878e-15 16238680 319023.62 
3.1e-21 -4.2539188e-14 5.3243941e-15 15955015 353772.97 
3.2e-21 -4.0958756e-14 5.3616862e-15 15649875 392840.99 
3.3e-21 -3.9409995e-14 5.4031277e-15 15321262 436875.58 
3.4e-21 -3.7895359e-14 5.4492519e-15 14967003 486630.4 
3.5e-21 -3.6417527e-14 5.5006735e-15 14584755 542980.95 
3.6e-21 -3.4979424e-14 5.5581015e-15 14172019 606941.93 
3.7e-21 -3.3584228e-14 5.6223543e-15 13726154 679685.11 
3.8e-21 -3.2235389e-14 5.6943759e-15 13244417 762556.6 
3.9e-21 -3.0936633e-14 5.7752542e-15 12724024 857091.58 
4e-21 -2.9691965e-14 5.8662406e-15 12162227 965023.67 
4.1e-21 -2.8505655e-14 5.9687697e-15 11556439 1088285 
4.2e-21 -2.738222e-14 6.0844789e-15 10904381 1228991.7 
4.3e-21 -2.6326381e-14 6.2152249e-15 10204284 1389407.9 
4.4e-21 -2.5343001e-14 6.3630958e-15 9455115.7 1571881.4 
4.5e-21 -2.4436997e-14 6.5304145e-15 8656852.1 1778744.2 
4.6e-21 -2.3613228e-14 6.7197307e-15 7810748.3 2012171.9 
4.7e-21 -2.2876352e-14 6.9337966e-15 6919597.4 2274004.2 
4.8e-21 -2.2230662e-14 7.1755226e-15 5987926.8 2565532.9 
4.9e-21 -2.1679909e-14 7.4479118e-15 5022086.3 2887279 
5e-21 -2.1227116e-14 7.7539721e-15 4030181 3238786.1 
5.1e-21 -2.0874423e-14 8.09661e-15 3021821.5 3618470.8 
5.2e-21 -2.0622946e-14 8.4785148e-15 2007688 4023566.2 
5.3e-21 -2.0472705e-14 8.902042e-15 998946.99 4450185.2 
5.4e-21 -2.0422609e-14 9.3691095e-15 6590.2487 4893510.7 
5.5e-21 -2.04705e-14 9.8811194e-15 -959211.57 5348090.3 
5.6e-21 -2.061327e-14 1.0438911e-14 -1889652 5808195.8 
5.7e-21 -2.0847013e-14 1.1042754e-14 -2777662.4 6268190.1 
5.8e-21 -2.1167213e-14 1.169237e-14 -3618088.3 6722851.3 
5.9e-21 -2.1568934e-14 1.2386993e-14 -4407678.2 7167618.1 
6e-21 -2.2047002e-14 1.3125438e-14 -5144922.4 7598736.5 
6.1e-21 -2.2596171e-14 1.3906188e-14 -5829795.9 8013315.1 
6.2e-21 -2.3211252e-14 1.472748e-14 -6463455.3 8409300.9 
6.3e-21 -2.3887221e-14 1.5587384e-14 -7047933.2 8785402 
6.4e-21 -2.4619287e-14 1.6483875e-14 -7585859.9 9140978.4 
6.5e-21 -2.5402941e-14 1.7414891e-14 -8080226 9475920.8 
6.6e-21 -2.6233985e-14 1.8378381e-14 -8534194.4 9790532.2 
6.7e-21 -2.7108539e-14 1.937234e-14 -8950957.6 10085419 
6.8e-21 -2.802304e-14 2.0394834e-14 -9333636.6 10361401 
6.9e-21 -2.897423e-14 2.1444021e-14 -9685212.6 10619433 
7e-21 -2.995914e-14 2.2518157e-14 -10008485 10860547 
7.1e-21 -3.097507e-14 2.3615602e-14 -10306051 11085805 
7.2e-21 -3.2019573e-14 2.4734825e-14 -10580294 11296270 
7.3e-21 -3.3090425e-14 2.5874397e-14 -10833391 11492976 
7.4e-21 -3.4185612e-14 2.7032995e-14 -11067315 11676920 
7.5e-21 -3.5303308e-14 2.8209388e-14 -11283850 11849045 
7.6e-21 -3.6441856e-14 2.9402439e-14 -11484603 12010238 
7.7e-21 -3.7599751e-14 3.0611098e-14 -11671023 12161326 
7.8e-21 -3.8775626e-14 3.1834393e-14 -11844409 12303078 
7.9e-21 -3.9968238e-14 3.3071427e-14 -12005929 12436205 
8e-21 -4.1176452e-14 3.4321369e-14 -12156633 12561361 
8.1e-21 -4.2399235e-14 3.5583453e-14 -12297464 12679149 
8.2e-21 -4.3635644e-14 3.6856971e-14 -12429269 12790122 
8.3e-21 -4.4884814e-14 3.8141267e-14 -12552810 12894786 
8.4e-21 -4.6145953e-14 3.9435734e-14 -12668775 12993608 
8.5e-21 -4.7418337e-14 4.0739808e-14 -12777781 13087012 
8.6e-21 -4.8701296e-14 4.2052969e-14 -12880388 13175390 
8.7e-21 -4.9994218e-14 4.3374731e-14 -12977101 13259099 
8.8e-21 -5.1296535e-14 4.4704644e-14 -13068377 13338467 
8.9e-21 -5.2607726e-14 4.604229e-14 -13154629 13413795 
9e-21 -5.3927306e-14 4.7387278e-14 -13236233 13485358 
9.1e-21 -5.5254829e-14 4.8739244e-14 -13313531 13553412 
9.2e-21 -5.6589879e-14 5.0097851e-14 -13386834 13618188 
9.3e-21 -5.7932072e-14 5.146278e-14 -13456424 13679901 
9.4e-21 -5.9281049e-14 5.2833735e-14 -13522561 13738749 
9.5e-21 -6.0636477e-14 5.421044e-14 -13585481 13794913 
9.6e-21 -6.1998045e-14 5.5592634e-14 -13645400 13848561 
9.7e-21 -6.3365464e-14 5.6980074e-14 -13702516 13899848 
9.8e-21 -6.4738461e-14 5.837253e-14 -13757011 13948918 
9.9e-21 -6.6116784e-14 5.9769788e-14 -13809052 13995904 
1e-20 -6.7500195e-14 6.1171645e-14 -13858795 14040926 
