0 3 0 
0.05 2.9982695 -0.069302211 
0.1 2.9930475 -0.1399394 
0.15 2.984225 -0.21361523 
0.2 2.9716061 -0.29209266 
0.25 2.9549048 -0.37723175 
0.3 2.9337389 -0.47102721 
0.35 2.907622 -0.57564505 
0.4 2.8759548 -0.69345677 
0.45 2.8380134 -0.82706827 
0.5 2.7929374 -0.97933855 
0.55 2.7397171 -1.1533801 
0.6 2.6771814 -1.352528 
0.65 2.6039883 -1.5802584 
0.7 2.5186218 -1.8400267 
0.75 2.419399 -2.1349869 
0.8 2.3044959 -2.4675386 
0.85 2.1720013 -2.8386432 
0.9 2.0200108 -3.2468594 
0.95 1.8467783 -3.6870908 
1 1.6509336 -4.1491449 
1.05 1.4317722 -4.6163942 
1.1 1.1895988 -5.0650934 
1.15 0.92607157 -5.4651326 
1.2 0.64445765 -5.7829604 
1.25 0.34968232 -5.9868227 
1.3 0.048077164 -6.0533054 
1.35 -0.25318765 -5.9730052 
1.4 -0.54688142 -5.7529429 
1.45 -0.8265024 -5.4145913 
1.5 -1.0868746 -4.9884378 
1.55 -1.3244333 -4.5074006 
1.6 -1.5372023 -4.0013602 
1.65 -1.7245517 -3.4939585 
1.7 -1.8868538 -3.0016234 
1.75 -2.0251314 -2.5341171 
1.8 -2.1407547 -2.0958149 
1.85 -2.235208 -1.687133 
1.9 -2.3099244 -1.3057867 
1.95 -2.3661758 -0.94776707 
2 -2.4050059 -0.6080353 
2.05 -2.4271907 -0.28098692 
2.1 -2.433218 0.039249324 
2.15 -2.4232801 0.35861601 
2.2 -2.397273 0.68297966 
2.25 -2.3548045 1.0179813 
2.3 -2.2952102 1.3688365 
2.35 -2.2175812 1.7400327 
2.4 -2.1208118 2.1348721 
2.45 -2.003674 2.5548056 
2.5 -1.8649321 2.9985305 
2.55 -1.7035072 3.4608722 
2.6 -1.5187011 3.9315873 
2.65 -1.3104757 4.3943979 
2.7 -1.0797649 4.8267764 
2.75 -0.82876415 5.2011277 
2.8 -0.56111542 5.4878583 
2.85 -0.28189198 5.6602199 
2.9 0.0026830799 5.6998434 
2.95 0.28577374 5.6010928 
3 0.56061682 5.3724442 
3.05 0.82118633 5.0342787 
3.1 1.0626751 4.6140559 
3.15 1.2817096 4.1407878 
3.2 1.4763083 3.6405518 
3.25 1.645662 3.1338862 
3.3 1.7898305 2.6349943 
3.35 1.9094329 2.1521958 
3.4 2.005379 1.6889931 
3.45 2.0786587 1.2452844 
3.5 2.1301898 0.81846397 
3.55 2.1607167 0.40431493 
3.6 2.1707469 -0.002304331 
3.65 2.1605194 -0.40692727 
3.7 2.1299958 -0.81503043 
3.75 2.0788747 -1.2315945 
3.8 2.0066279 -1.6606037 
3.85 1.9125659 -2.10442 
3.9 1.7959377 -2.562991 
3.95 1.6560748 -3.0328967 
4 1.4925856 -3.5063251 
4.05 1.3055975 -3.9702048 
4.1 1.0960317 -4.405887 
4.15 0.86586863 -4.7898883 
4.2 0.61834031 -5.09614 
4.25 0.3579702 -5.2997883 
4.3 0.090396527 -5.3818764 
4.35 -0.1780325 -5.3335197 
4.4 -0.44082607 -5.1580116 
4.45 -0.69195102 -4.8699836 
4.5 -0.9263213 -4.4919735 
4.55 -1.1400786 -4.0497687 
4.6 -1.3306428 -3.568085 
4.65 -1.4965775 -3.0676018 
4.7 -1.6373482 -2.5635998 
4.75 -1.7530457 -2.0658876 
4.8 -1.8441283 -1.5795061 
4.85 -1.9112086 -1.1057556 
4.9 -1.9548924 -0.64325139 
4.95 -1.9756696 -0.18886899 
5 -1.9738471 0.26145046 
5.05 -1.9495204 0.71200058 
5.1 -1.9025779 1.1666537 
5.15 -1.8327392 1.6281808 
5.2 -1.7396282 2.0974915 
5.25 -1.6228879 2.5727748 
5.3 -1.4823388 3.0485828 
5.35 -1.3181826 3.5150041 
5.4 -1.1312389 3.9572032 
5.45 -0.92318835 4.3557194 
5.5 -0.69677251 4.6879239 
5.55 -0.45588803 4.9308149 
5.6 -0.20551234 5.0648357 
5.65 0.048568594 5.0777884 
5.7 0.30020374 4.9675511 
5.75 0.54340314 4.7425582 
5.8 0.77282601 4.4198489 
5.85 0.98412509 4.0214583 
5.9 1.1740957 3.5704294 
5.95 1.3406402 3.0875669 
6 1.4826021 2.5894846 
6.05 1.599534 2.0879274 
6.1 1.6914583 1.5900212 
6.15 1.7586535 1.0990401 
6.2 1.8014854 0.61536747 
6.25 1.8202871 0.13746139 
6.3 1.8152849 -0.33725015 
6.35 1.7865686 -0.81154388 
6.4 1.7341001 -1.2876069 
6.45 1.6577637 -1.7662286 
6.5 1.5574566 -2.2459538 
6.55 1.4332232 -2.722224 
6.6 1.2854292 -3.1866148 
6.65 1.1149692 -3.6263841 
6.7 0.92348079 -4.0246409 
6.75 0.713529 -4.3614636 
6.8 0.48870614 -4.6161428 
6.85 0.25359472 -4.7703548 
6.9 0.013561563 -4.8115816 
6.95 -0.22560377 -4.7357451 
7 -0.45814204 -4.5481131 
7.05 -0.67877058 -4.2621292 
7.1 -0.88302709 -3.8966176 
7.15 -1.0674532 -3.4723485 
7.2 -1.2296121 -3.0089724 
7.25 -1.3679757 -2.5229428 
7.3 -1.4817368 -2.0265636 
7.35 -1.5705974 -1.5279521 
7.4 -1.6345714 -1.0315889 
7.45 -1.6738231 -0.53915385 
7.5 -1.6885497 -0.050450716 
7.55 -1.6789111 0.43567754 
7.6 -1.6450037 0.92046674 
7.65 -1.586878 1.4043705 
7.7 -1.5045994 1.8862047 
7.75 -1.3983508 2.36231 
7.8 -1.268576 2.8258062 
7.85 -1.1161544 3.2660931 
7.9 -0.9425905 3.6688358 
7.95 -0.75018494 4.0167062 
8 -0.54214681 4.2910626 
8.05 -0.32259825 4.4744988 
8.1 -0.096438819 4.5538084 
8.15 0.13093248 4.5225688 
8.2 0.35399689 4.3825001 
8.25 0.56752134 4.143106 
8.3 0.7669045 3.8197323 
8.35 0.94839985 3.4307285 
8.4 1.1091927 2.9945854 
8.45 1.2473486 2.5277263 
8.5 1.3616741 2.0432425 
8.55 1.4515379 1.5505192 
8.6 1.5166899 1.0555145 
8.65 1.5571059 0.56142432 
8.7 1.5728696 0.069526067 
8.75 1.5640994 -0.41992578 
8.8 1.5309194 -0.906805 
8.85 1.4734752 -1.3902373 
8.9 1.3919926 -1.8677529 
8.95 1.2868772 -2.3345054 
9 1.15885 -2.7826497 
9.05 1.0091062 -3.2010376 
9.1 0.83947803 -3.5754468 
9.15 0.65256711 -3.8895431 
9.2 0.45180924 -4.1266535 
9.25 0.24143298 -4.2721658 
9.3 0.026292628 -4.316056 
9.35 -0.18841381 -4.254833 
9.4 -0.39749526 -4.0922639 
9.45 -0.59611773 -3.8386261 
9.5 -0.78008474 -3.5087506 
9.55 -0.94600278 -3.1195022 
9.6 -1.0913218 -2.6874029 
9.65 -1.2142715 -2.226894 
9.7 -1.3137305 -1.7494115 
9.75 -1.3890691 -1.2631988 
9.8 -1.4399962 -0.77364768 
9.85 -1.4664325 -0.28395708 
9.9 -1.4684203 0.20405659 
9.95 -1.4460762 0.68909624 
10 -1.3995867 1.1695201 
10.05 -1.3292467 1.6425097 
10.1 -1.2355371 2.1033132 
10.15 -1.119238 2.5446466 
10.2 -0.98156405 2.9563838 
10.25 -0.82430544 3.3257115 
10.3 -0.64994528 3.6379135 
10.35 -0.46172055 3.8778507 
10.4 -0.26359397 4.031999 
10.45 -0.060117755 4.0906506 
10.5 0.14380481 4.0496985 
10.55 0.34322462 3.9114505 
10.6 0.53346193 3.6842021 
10.65 0.71037139 3.380714 
10.7 0.87051339 3.016086 
10.75 1.0112167 2.6056273 
10.8 1.1305446 2.1631911 
10.85 1.2271948 1.7001904 
10.9 1.3003669 1.2252825 
10.95 1.3496278 0.74457375 
11 1.3747968 0.2621638 
11.05 1.3758631 -0.219126 
11.1 1.3529418 -0.69694631 
11.15 1.3062705 -1.1686028 
11.2 1.2362466 -1.6302799 
11.25 1.1435008 -2.0763651 
11.3 1.0289999 -2.498967 
11.35 0.89416647 -2.8877534 
11.4 0.74099547 -3.2302592 
11.45 0.57214121 -3.5127757 
11.5 0.39094488 -3.7218206 
11.55 0.20137769 -3.8459966 
11.6 0.0078892653 -3.8778442 
11.65 -0.18482605 -3.8151892 
11.7 -0.37210848 -3.6615714 
11.75 -0.54960702 -3.425616 
11.8 -0.71349938 -3.1195536 
11.85 -0.86062581 -2.7573379 
11.9 -0.9885292 -2.3528528 
11.95 -1.0954156 -1.9185662 
12 -1.1800623 -1.4647792 
12.05 -1.2417024 -0.99944015 
12.1 -1.2799123 -0.52839507 
12.15 -1.2945187 -0.055922936 
12.2 -1.2855376 0.41457334 
12.25 -1.2531486 0.87981484 
12.3 -1.1977078 1.3359033 
12.35 -1.1197961 1.7776512 
12.4 -1.0202969 2.1980651 
12.45 -0.90049493 2.5880876 
12.5 -0.76217745 2.9367199 
12.55 -0.60771872 3.2316326 
12.6 -0.44012019 3.4602928 
12.65 -0.26298361 3.6114973 
12.7 -0.080402796 3.6770286 
12.75 0.10322201 3.6530302 
12.8 0.28342323 3.5407086 
12.85 0.4559181 3.3461459 
12.9 0.61683008 3.0792848 
12.95 0.76284471 2.752392 
13 0.89128452 2.3784206 
13.05 1.0001073 1.9696345 
13.1 1.0878467 1.5367051 
13.15 1.1535215 1.0883263 
13.2 1.1965358 0.63127216 
13.25 1.216592 0.17077637 
13.3 1.2136274 -0.28889268 
13.35 1.1877824 -0.74376308 
13.4 1.139403 -1.1894783 
13.45 1.0690756 -1.6206761 
13.5 0.97769044 -2.0305078 
13.55 0.86652305 -2.4103917 
13.6 0.73732034 -2.7501069 
13.65 0.59237129 -3.0383149 
13.7 0.43454039 -3.2635294 
13.75 0.26724302 -3.4154393 
13.8 0.094350428 -3.4863512 
13.85 -0.079973283 -3.4724103 
13.9 -0.25148272 -3.3742698 
13.95 -0.41607769 -3.1970075 
14 -0.57000694 -2.9493191 
14.05 -0.71001799 -2.6422247 
14.1 -0.83343745 -2.2876358 
14.15 -0.93818296 -1.8971042 
14.2 -1.0227218 -1.4809568 
14.25 -1.0859975 -1.0478803 
14.3 -1.1273458 -0.60491206 
14.35 -1.1464191 -0.15773796 
14.4 -1.1431302 0.28881243 
14.45 -1.1176242 0.73017321 
14.5 -1.0702806 1.161435 
14.55 -1.0017448 1.576801 
14.6 -0.91298269 1.9691864 
14.65 -0.80535084 2.3300523 
14.7 -0.68066662 2.6495621 
14.75 -0.54126116 2.9171241 
14.8 -0.38999555 3.1223138 
14.85 -0.23022326 3.256069 
14.9 -0.065690668 3.3119308 
14.95 0.099619702 3.2870402 
15 0.26168377 3.1826214 
15.05 0.41663854 3.0038123 
15.1 0.56096072 2.7588942 
15.15 0.69159595 2.458137 
15.2 0.80602698 2.1125566 
15.25 0.9022831 1.7328469 
15.3 0.97890429 1.3286532 
15.35 1.0348788 0.90823643 
15.4 1.0695731 0.47848777 
15.45 1.0826692 0.045210605 
15.5 1.0741215 -0.38642886 
15.55 1.0441376 -0.81137256 
15.6 0.99318655 -1.2241449 
15.65 0.92203094 -1.618409 
15.7 0.83177818 -1.9866849 
15.75 0.72393963 -2.3203124 
15.8 0.6004841 -2.6097282 
15.85 0.4638689 -2.8450869 
15.9 0.31703189 -3.0171836 
15.95 0.16333258 -3.1185401 
16 0.006439297 -3.1444331 
16.05 -0.14982829 -3.0936141 
16.1 -0.3016807 -2.9685279 
16.15 -0.44553692 -2.7749676 
16.2 -0.57817311 -2.5212655 
16.25 -0.69682359 -2.2172334 
16.3 -0.7992279 -1.8731036 
16.35 -0.88362924 -1.4986737 
16.4 -0.94873791 -1.1027681 
16.45 -0.9936762 -0.69303558 
16.5 -1.0179208 -0.27603762 
16.55 -1.0212553 0.14245154 
16.6 -1.0037409 0.55702048 
16.65 -0.9657102 0.96215434 
16.7 -0.90778308 1.351805 
16.75 -0.83090222 1.7190746 
16.8 -0.73637958 2.0560876 
16.85 -0.62594327 2.3541195 
16.9 -0.50177057 2.6040231 
16.95 -0.36649237 2.7969403 
17 -0.22315645 2.9252123 
17.05 -0.07514366 2.983324 
17.1 0.073959695 2.9686735 
17.15 0.22051931 2.8819706 
17.2 0.36101857 2.7271601 
17.25 0.49220867 2.5108893 
17.3 0.61122346 2.2416638 
17.35 0.71564866 1.9288954 
17.4 0.8035449 1.5820446 
17.45 0.87343345 1.2099955 
17.5 0.92425784 0.82072267 
17.55 0.95533594 0.42123819 
17.6 0.96631542 0.017763994 
17.65 0.95714177 -0.38394627 
17.7 0.92804464 -0.77821438 
17.75 0.87954386 -1.1590502 
17.8 0.81247327 -1.519844 
17.85 0.72801638 -1.8532082 
17.9 0.62774486 -2.151034 
17.95 0.51364791 -2.4048029 
18 0.38813956 -2.606154 
18.05 0.25403224 -2.747649 
18.1 0.11446975 -2.8236062 
18.15 -0.027179635 -2.8308317 
18.2 -0.16746039 -2.769073 
18.25 -0.30298001 -2.6410784 
18.3 -0.43055188 -2.4522478 
18.35 -0.54731223 -2.2099647 
18.4 -0.65079897 -1.9227752 
18.45 -0.73898948 -1.5995898 
18.5 -0.81030214 -1.2490513 
18.55 -0.86357209 -0.87914437 
18.6 -0.89801391 -0.497058 
18.65 -0.91318305 -0.10926687 
18.7 -0.90894555 0.27823159 
18.75 -0.88546203 0.65959526 
18.8 -0.84318839 1.0288029 
18.85 -0.78289202 1.3793776 
18.9 -0.7056791 1.7042347 
18.95 -0.61302503 1.9957115 
19 -0.50679804 2.2458197 
19.05 -0.38926439 2.4467217 
19.1 -0.26306507 2.5913858 
19.15 -0.13115722 2.6743168 
19.2 0.0032798042 2.6922157 
19.25 0.13696638 2.6444195 
19.3 0.2666587 2.533011 
19.35 0.38928126 2.3625711 
19.4 0.50203917 2.1396369 
19.45 0.60249875 1.8719958 
19.5 0.68863182 1.5679698 
19.55 0.7588269 1.2358195 
19.6 0.81187522 0.88334662 
19.65 0.84694256 0.51771973 
19.7 0.86353749 0.1454997 
19.75 0.86148485 -0.2271853 
19.8 0.84091043 -0.59437834 
19.85 0.8022395 -0.95001286 
19.9 0.74620846 -1.2876781 
19.95 0.67388581 -1.6004923 
20 0.58669562 -1.8811359 
20.05 0.48643455 -2.1220786 
20.1 0.37527261 -2.3160022 
20.15 0.25572862 -2.456376 
20.2 0.13061489 -2.5380973 
20.25 0.0029507313 -2.5580706 
20.3 -0.1241486 -2.5155984 
20.35 -0.24759583 -2.4124888 
20.4 -0.36445313 -2.2528535 
20.45 -0.47203662 -2.0426468 
20.5 -0.56799357 -1.7890526 
20.55 -0.65034783 -1.4998506 
20.6 -0.71751557 -1.1828771 
20.65 -0.76829805 -0.84565212 
20.7 -0.80186048 -0.49520058 
20.75 -0.81770659 -0.13804996 
20.8 -0.81565661 0.21963593 
20.85 -0.79583424 0.57184434 
20.9 -0.7586649 0.91248268 
20.95 -0.70488473 1.23519 
21 -0.63555679 1.5332466 
21.05 -0.55208831 1.7996275 
21.1 -0.45624112 2.0272265 
21.15 -0.35012651 2.2092478 
21.2 -0.23617719 2.339723 
21.25 -0.11709185 2.4140728 
21.3 0.0042472586 2.4296045 
21.35 0.12487765 2.3858361 
21.4 0.24187017 2.2845732 
21.45 0.35243965 2.1297171 
21.5 0.45404012 1.9268521 
21.55 0.54443575 1.6827052 
21.6 0.62174386 1.4045882 
21.65 0.68445183 1.0999227 
21.7 0.73141361 0.77590847 
21.75 0.76183384 0.43935982 
21.8 0.77524775 0.096695728 
21.85 0.7715037 -0.24595289 
21.9 0.75075296 -0.58256935 
21.95 0.7134487 -0.90706613 
22 0.66035333 -1.2131436 
22.05 0.59255081 -1.4942416 
22.1 0.5114582 -1.7436228 
22.15 0.41882932 -1.9546051 
22.2 0.31674315 -2.1209359 
22.25 0.20757089 -2.2372616 
22.3 0.093918622 -2.2996179 
22.35 -0.02145304 -2.3058456 
22.4 -0.13572632 -2.2558418 
22.45 -0.24613081 -2.1515887 
22.5 -0.35004358 -1.9969534 
22.55 -0.44507446 -1.7973045 
22.6 -0.52912924 -1.5590287 
22.65 -0.60044823 -1.2890431 
22.7 -0.65762206 -0.99438497 
22.75 -0.69959003 -0.68192935 
22.8 -0.72562797 -0.35825146 
22.85 -0.73533266 -0.029620522 
22.9 -0.72860838 0.29790973 
22.95 -0.70565967 0.61835951 
23 -0.66699124 0.92568069 
23.05 -0.61341401 1.2136625 
23.1 -0.54605385 1.4759277 
23.15 -0.46635751 1.7060492 
23.2 -0.37608941 1.897797 
23.25 -0.27731325 2.0454986 
23.3 -0.17235353 2.1444659 
23.35 -0.063735653 2.1914175 
23.4 0.045893373 2.184813 
23.45 0.15385707 2.1250281 
23.5 0.25754559 2.0143305 
23.55 0.35450555 1.8566622 
23.6 0.44251519 1.6572761 
23.65 0.51963911 1.4223014 
23.7 0.58426134 1.1583203 
23.75 0.6350989 0.87202144 
23.8 0.67120081 0.56996809 
23.85 0.69193864 0.2584914 
23.9 0.69699459 -0.056307347 
23.95 0.6863517 -0.36847837 
24 0.66028906 -0.67211096 
24.05 0.61938252 -0.96123211 
24.1 0.56450927 -1.2297587 
24.15 0.4968528 -1.4715383 
24.2 0.41790309 -1.6804987 
24.25 0.32944646 -1.8509088 
24.3 0.23354019 -1.9777242 
24.35 0.1324686 -2.0569709 
24.4 0.028680409 -2.0860991 
24.45 -0.075289353 -2.0642366 
24.5 -0.17690645 -1.9922893 
24.55 -0.27372516 -1.8728653 
24.6 -0.36346806 -1.710038 
24.65 -0.44409096 -1.5090006 
24.7 -0.51382922 -1.2756773 
24.75 -0.57122497 -1.0163601 
24.8 -0.61513797 -0.73742275 
24.85 -0.64474467 -0.44513786 
24.9 -0.65953085 -0.14560067 
24.95 -0.65928267 0.1552601 
25 -0.64407994 0.45161531 
25.05 -0.61429317 0.73765149 
25.1 -0.57058455 1.0075097 
25.15 -0.51391056 1.2552832 
25.2 -0.44552268 1.4750999 
25.25 -0.3669616 1.6613026 
25.3 -0.28004003 1.8087171 
25.35 -0.18681056 1.9129794 
25.4 -0.089516682 1.970871 
25.45 0.0094719511 1.9806029 
25.5 0.10773589 1.9419902 
25.55 0.20288752 1.8564825 
25.6 0.29265026 1.7270405 
25.65 0.37492836 1.5578863 
25.7 0.44786198 1.3541772 
25.75 0.50986528 1.1216613 
25.8 0.55964812 0.86637203 
25.85 0.59622417 0.59439823 
25.9 0.61890986 0.31174596 
25.95 0.62731864 0.024288557 
26 0.62135458 -0.26221648 
26.05 0.60120782 -0.54207412 
26.1 0.56735284 -0.80959736 
26.15 0.52054887 -1.059086 
26.2 0.46183975 -1.2848674 
26.25 0.39254996 -1.4814167 
26.3 0.31427243 -1.64356 
26.35 0.22884453 -1.7667427 
26.4 0.13830961 -1.8473292 
26.45 0.044863838 -1.8828857 
26.5 -0.04920961 -1.8723917 
26.55 -0.14161424 -1.8163412 
26.6 -0.23011569 -1.7167089 
26.65 -0.31261224 -1.5767898 
26.7 -0.38719474 -1.4009439 
26.75 -0.45219237 -1.1942934 
26.8 -0.50620318 -0.96242395 
26.85 -0.54811071 -0.71113294 
26.9 -0.57708974 -0.4462504 
26.95 -0.59260517 -0.17353935 
27 -0.59440761 0.10133391 
27.05 -0.58252889 0.3727819 
27.1 -0.557279 0.6352596 
27.15 -0.5192447 0.88324108 
27.2 -0.4692883 1.1112372 
27.25 -0.40854412 1.3138757 
27.3 -0.33840918 1.4860525 
27.35 -0.26052459 1.623148 
27.4 -0.17674498 1.721286 
27.45 -0.089094644 1.7775971 
27.5 0.00028861909 1.7904426 
27.55 0.089219035 1.7595568 
27.6 0.17553276 1.6860779 
27.65 0.2571564 1.572463 
27.7 0.33216869 1.4223011 
27.75 0.39885089 1.2400608 
27.8 0.45572399 1.0308169 
27.85 0.5015725 0.79999695 
27.9 0.53545675 0.55317906 
27.95 0.55671683 0.29595715 
28 0.56497133 0.033871824 
28.05 0.56011413 -0.22760619 
28.1 0.54231112 -0.48306314 
28.15 0.51199784 -0.72712676 
28.2 0.4698773 -0.9544749 
28.25 0.41691633 -1.1598901 
28.3 0.35433779 -1.3383731 
28.35 0.28360557 -1.4853158 
28.4 0.20639964 -1.5967205 
28.45 0.12457967 -1.6694373 
28.5 0.040136954 -1.7013832 
28.55 -0.044863299 -1.6917049 
28.6 -0.12834572 -1.6408535 
28.65 -0.20828974 -1.5505567 
28.7 -0.28279064 -1.4236928 
28.75 -0.35011231 -1.2640904 
28.8 -0.40872887 -1.0762885 
28.85 -0.45735406 -0.86529578 
28.9 -0.49495936 -0.63638163 
28.95 -0.52078282 -0.39491832 
29 -0.53433151 -0.14628235 
29.05 -0.53538036 0.10419247 
29.1 -0.52396964 0.35122634 
29.15 -0.50040232 0.58959148 
29.2 -0.46524131 0.81412061 
29.25 -0.41930565 1.0197474 
29.3 -0.36366346 1.2015935 
29.35 -0.29961926 1.3551077 
29.4 -0.22869321 1.47625 
29.45 -0.15259032 1.561701 
29.5 -0.073159226 1.609068 
29.55 0.0076586269 1.6170537 
29.6 0.087886585 1.5855573 
29.65 0.16557336 1.515689 
29.7 0.23885206 1.4096941 
29.75 0.30599334 1.2708002 
29.8 0.36544965 1.1030149 
29.85 0.41588876 0.91090637 
29.9 0.45621647 0.6993976 
29.95 0.48559003 0.47359844 
30 0.50342424 0.23868595 
30.05 0.50939286 -0.00016692184 
30.1 0.50342745 -0.23782493 
30.15 0.4857151 -0.46920409 
30.2 0.45669552 -0.68928557 
30.25 0.41705713 -0.89314981 
30.3 0.36773047 -1.0760464 
30.35 0.30987707 -1.2335076 
30.4 0.24487167 -1.3615028 
30.45 0.1742758 -1.4566219 
30.5 0.099802011 -1.516264 
30.55 0.023269155 -1.538803 
30.6 -0.053449545 -1.5237031 
30.65 -0.1284824 -1.4715621 
30.7 -0.20001535 -1.3840748 
30.75 -0.2663443 -1.2639218 
30.8 -0.32592048 -1.1146036 
30.85 -0.3773866 -0.94024643 
30.9 -0.41960322 -0.74540823 
30.95 -0.45166601 -0.53490842 
31 -0.47291528 -0.31369602 
31.05 -0.48294009 -0.086760268 
31.1 -0.48157882 0.14092209 
31.15 -0.46891774 0.36441561 
31.2 -0.44528842 0.57884824 
31.25 -0.41126379 0.77944453 
31.3 -0.36765197 0.9615849 
31.35 -0.31548629 1.1209004 
31.4 -0.25600956 1.2534041 
31.45 -0.19065113 1.3556503 
31.5 -0.12099551 1.4249052 
31.55 -0.048742787 1.4593049 
31.6 0.024338159 1.4579757 
31.65 0.096460947 1.4210967 
31.7 0.16587447 1.3498926 
31.75 0.23091353 1.2465569 
31.8 0.29004415 1.1141193 
31.85 0.34190127 0.95627813 
31.9 0.38531777 0.77722214 
31.95 0.41934469 0.58146468 
32 0.44326393 0.37370649 
32.05 0.45659492 0.15873385 
32.1 0.45909707 -0.058648981 
32.15 0.45076953 -0.27366249 
32.2 0.43184915 -0.48158311 
32.25 0.40280686 -0.67777863 
32.3 0.36434185 -0.8577618 
32.35 0.31737241 -1.017272 
32.4 0.26302191 -1.1523879 
32.45 0.20259842 -1.2596671 
32.5 0.13756701 -1.3362989 
32.55 0.069514346 -1.3802516 
32.6 0.00010661349 -1.3903932 
32.65 -0.068957542 -1.3665649 
32.7 -0.13599628 -1.3095948 
32.75 -0.19939298 -1.2212498 
32.8 -0.25764071 -1.1041314 
32.85 -0.30938063 -0.96153377 
32.9 -0.35343256 -0.79728358 
32.95 -0.38881766 -0.61558307 
33 -0.41477369 -0.4208724 
33.05 -0.430764 -0.21772079 
33.1 -0.43648197 -0.010747783 
33.15 -0.43185201 0.19543097 
33.2 -0.41702839 0.39624389 
33.25 -0.39239204 0.58720272 
33.3 -0.35854523 0.76395374 
33.35 -0.31630303 0.92235041 
33.4 -0.26668071 1.0585521 
33.45 -0.21087538 1.1691469 
33.5 -0.15024118 1.251288 
33.55 -0.086257614 1.3028306 
33.6 -0.020491366 1.3224479 
33.65 0.045446747 1.3097111 
33.7 0.10994762 1.2651176 
33.75 0.17144975 1.1900649 
33.8 0.22848242 1.0867705 
33.85 0.27970392 0.95815407 
33.9 0.32393311 0.80769527 
33.95 0.36017378 0.63928826 
34 0.38763199 0.45710766 
34.05 0.40572712 0.26549666 
34.1 0.4140981 0.068880779 
34.15 0.41260582 -0.12829536 
34.2 0.40133287 -0.3216162 
34.25 0.38058099 -0.50673913 
34.3 0.35086618 -0.67944515 
34.35 0.31291097 -0.83570579 
34.4 0.26763275 -0.97177114 
34.45 0.21612719 -1.0842788 
34.5 0.15964588 -1.1703767 
34.55 0.099567606 -1.2278481 
34.6 0.037363754 -1.2552227 
34.65 -0.025441213 -1.2518577 
34.7 -0.087312302 -1.2179772 
34.75 -0.14674727 -1.1546611 
34.8 -0.20231814 -1.0637872 
34.85 -0.25270879 -0.94793222 
34.9 -0.29674686 -0.81024903 
34.95 -0.33342925 -0.65433289 
35 -0.36194101 -0.4840938 
35.05 -0.38166818 -0.30364477 
35.1 -0.39220558 -0.11721127 
35.15 -0.39336063 0.070938692 
35.2 -0.38515406 0.2565494 
35.25 -0.36781806 0.43542574 
35.3 -0.34179201 0.60348475 
35.35 -0.30771537 0.75681874 
35.4 -0.26641693 0.89177545 
35.45 -0.21889973 1.0050558 
35.5 -0.16632064 1.0938249 
35.55 -0.10996428 1.155826 
35.6 -0.051211403 1.1894854 
35.65 0.0084973534 1.1939933 
35.7 0.06770099 1.1693486 
35.75 0.12495881 1.116361 
35.8 0.17889006 1.0366087 
35.85 0.22821054 0.93235888 
35.9 0.27176442 0.80646002 
35.95 0.30855031 0.66222188 
36 0.33774136 0.5032954 
36.05 0.35869944 0.33356341 
36.1 0.37098445 0.15704843 
36.15 0.37435927 -0.022161778 
36.2 0.36879157 -0.19997425 
36.25 0.35445268 -0.37234315 
36.3 0.33171396 -0.53532264 
36.35 0.30114031 -0.6851278 
36.4 0.26348036 -0.81820878 
36.45 0.21965252 -0.93133977 
36.5 0.17072629 -1.0217195 
36.55 0.11789845 -1.0870761 
36.6 0.062464077 -1.1257644 
36.65 0.0057831235 -1.1368452 
36.7 -0.050756228 -1.1201336 
36.75 -0.10577572 -1.0762099 
36.8 -0.15794471 -1.0063909 
36.85 -0.20601553 -0.91266524 
36.9 -0.24885488 -0.79760117 
36.95 -0.28547009 -0.66423891 
37 -0.31503001 -0.51597912 
37.05 -0.33688031 -0.35647792 
37.1 -0.35055388 -0.18955477 
37.15 -0.35577706 -0.019115542 
37.2 -0.35247229 0.15091131 
37.25 -0.34075781 0.31663046 
37.3 -0.32094469 0.474234 
37.35 -0.29353098 0.62006109 
37.4 -0.25919267 0.75066763 
37.45 -0.21877085 0.86290814 
37.5 -0.17325453 0.95402757 
37.55 -0.12375869 1.0217574 
37.6 -0.071497659 1.0644066 
37.65 -0.017754257 1.0809375 
37.7 0.036154263 1.0710159 
37.75 0.088911957 1.0350283 
37.8 0.13923992 0.97406385 
37.85 0.18593025 0.88986251 
37.9 0.22787671 0.78473618 
37.95 0.26410099 0.66147289 
38 0.29377393 0.52323418 
38.05 0.31623172 0.37345539 
38.1 0.33098721 0.21575526 
38.15 0.33773715 0.053858011 
38.2 0.33636574 -0.10847295 
38.25 0.32694509 -0.26749328 
38.3 0.30973291 -0.4195334 
38.35 0.28516729 -0.56105727 
38.4 0.25385843 -0.68872877 
38.45 0.21657677 -0.79948779 
38.5 0.17423712 -0.89063475 
38.55 0.12787839 -0.95991904 
38.6 0.07863901 -1.0056238 
38.65 0.027728381 -1.026638 
38.7 -0.023604811 -1.0225071 
38.75 -0.074106069 -0.99345434 
38.8 -0.12254888 -0.94037144 
38.85 -0.16776723 -0.86477702 
38.9 -0.20868534 -0.76874974 
38.95 -0.24434363 -0.65484331 
39 -0.27392012 -0.52599272 
39.05 -0.29674716 -0.38542036 
39.1 -0.31232357 -0.23654849 
39.15 -0.3203226 -0.082921575 
39.2 -0.3205964 0.071861318 
39.25 -0.31317714 0.22420655 
39.3 -0.29827536 0.37058268 
39.35 -0.27627544 0.50757866 
39.4 -0.24772796 0.63196771 
39.45 -0.21333876 0.74077862 
39.5 -0.17395424 0.83137414 
39.55 -0.13054262 0.90153277 
39.6 -0.084171109 0.94952766 
39.65 -0.035979457 0.97419493 
39.7 0.012849561 0.97498354 
39.75 0.061121513 0.95198006 
39.8 0.10766222 0.90590504 
39.85 0.15134877 0.8380808 
39.9 0.19113825 0.75037459 
39.95 0.22609322 0.64512352 
40 0.25540306 0.52504931 
40.05 0.27840103 0.39317051 
40.1 0.29457695 0.25271862 
40.15 0.30358596 0.10706162 
40.2 0.30525356 -0.040363927 
40.25 0.29957751 -0.186114 
40.3 0.28672677 -0.32679451 
40.35 0.26703754 -0.45911913 
40.4 0.24100638 -0.57997098 
40.45 0.20928007 -0.68647013 
40.5 0.17264193 -0.77604673 
40.55 0.13199445 -0.84651693 
40.6 0.088338111 -0.89615647 
40.65 0.042746742 -0.92376523 
40.7 -0.0036599803 -0.92871587 
40.75 -0.049745938 -0.91098042 
40.8 -0.094388681 -0.87113159 
40.85 -0.13650894 -0.81031784 
40.9 -0.17509832 -0.73021532 
40.95 -0.20924404 -0.63296172 
41 -0.23815018 -0.52107895 
41.05 -0.26115481 -0.39739167 
41.1 -0.27774312 -0.26494738 
41.15 -0.28755668 -0.12694198 
41.2 -0.29039915 0.013347707 
41.25 -0.28623877 0.15262539 
41.3 -0.27520787 0.28763301 
41.35 -0.25759954 0.41520815 
41.4 -0.23386134 0.5323438 
41.45 -0.20458598 0.63625276 
41.5 -0.17049863 0.72443617 
41.55 -0.13244069 0.79475443 
41.6 -0.091350122 0.84549581 
41.65 -0.048238483 0.87543748 
41.7 -0.0041652365 0.88389243 
41.75 0.039789827 0.87073725 
41.8 0.082554987 0.83641697 
41.85 0.12309464 0.78192631 
41.9 0.16043586 0.70876896 
41.95 0.19369243 0.61889949 
42 0.22208571 0.51465343 
42.05 0.24496179 0.39867181 
42.1 0.26180486 0.27382565 
42.15 0.2722469 0.14314401 
42.2 0.27607391 0.0097475747 
42.25 0.27322892 -0.12321254 
42.3 0.26381207 -0.25261248 
42.35 0.24807784 -0.37541237 
42.4 0.22642939 -0.48871461 
42.45 0.19940992 -0.58982534 
42.5 0.16769091 -0.67631925 
42.55 0.13205698 -0.74610589 
42.6 0.093387573 -0.797494 
42.65 0.052635472 -0.82924896 
42.7 0.010802816 -0.84063803 
42.75 -0.031084797 -0.83145847 
42.8 -0.072005089 -0.80204526 
42.85 -0.11096573 -0.75325717 
42.9 -0.14702974 -0.68644252 
42.95 -0.17933876 -0.60338803 
43 -0.20713343 -0.50625582 
43.05 -0.22977045 -0.39751373 
43.1 -0.24673605 -0.27986425 
43.15 -0.25765602 -0.15617544 
43.2 -0.26230231 -0.029416119 
43.25 -0.26059658 0.097404677 
43.3 -0.25261074 0.22129491 
43.35 -0.23856473 0.33933553 
43.4 -0.21882141 0.44873734 
43.45 -0.19387864 0.54689991 
43.5 -0.16435832 0.63147308 
43.55 -0.13099228 0.70041923 
43.6 -0.09460516 0.75207374 
43.65 -0.056094352 0.78519916 
43.7 -0.016407511 0.79902854 
43.75 0.023481746 0.79329361 
43.8 0.0625991 0.7682345 
43.85 0.099994783 0.72458985 
43.9 0.13476786 0.66356801 
43.95 0.16608864 0.58680213 
44 0.19321855 0.4962933 
44.05 0.21552695 0.39434651 
44.1 0.23250464 0.28350387 
44.15 0.24377408 0.16647873 
44.2 0.24909638 0.046092779 
44.25 0.24837515 -0.07478341 
44.3 0.24165763 -0.19328684 
44.35 0.22913282 -0.3066172 
44.4 0.21112704 -0.41209224 
44.45 0.18809661 -0.50720457 
44.5 0.16061759 -0.58968 
44.55 0.12937272 -0.65753647 
44.6 0.095135342 -0.70914083 
44.65 0.058750645 -0.74326003 
44.7 0.021114579 -0.75910254 
44.75 -0.016848981 -0.75634622 
44.8 -0.054212058 -0.73514957 
44.85 -0.090066515 -0.69614506 
44.9 -0.12354722 -0.64041502 
44.95 -0.15385361 -0.56945215 
45 -0.18026896 -0.48510829 
45.05 -0.20217691 -0.38953558 
45.1 -0.21907491 -0.28512401 
45.15 -0.23058453 -0.17443874 
45.2 -0.23645875 -0.060159431 
45.25 -0.23658613 0.054977827 
45.3 -0.23099231 0.16823593 
45.35 -0.2198387 0.27693087 
45.4 -0.20341843 0.37848561 
45.45 -0.18214968 0.47048486 
45.5 -0.15656619 0.55073079 
45.55 -0.127305 0.61729871 
45.6 -0.095091416 0.66859069 
45.65 -0.060721461 0.70338392 
45.7 -0.025042064 0.72087031 
45.75 0.011070408 0.72068379 
45.8 0.046732624 0.70291266 
45.85 0.081076978 0.66809558 
45.9 0.11327367 0.61720136 
45.95 0.14255139 0.55159431 
46 0.168216 0.47298809 
46.05 0.18966665 0.38339166 
46.1 0.20640913 0.285051 
46.15 0.21806619 0.18038977 
46.2 0.22438501 0.071950912 
46.25 0.22524169 -0.037659675 
46.3 0.22064311 -0.14582737 
46.35 0.21072595 -0.24998169 
46.4 0.19575324 -0.34764882 
46.45 0.17610818 -0.43650436 
46.5 0.15228536 -0.51442661 
46.55 0.12487925 -0.57954947 
46.6 0.094570198 -0.63031305 
46.65 0.062107915 -0.66550954 
46.7 0.028292888 -0.68432093 
46.75 -0.00604382 -0.68634567 
46.8 -0.040061784 -0.67161179 
46.85 -0.072932714 -0.640575 
46.9 -0.10386147 -0.59410186 
46.95 -0.13210592 -0.53343934 
47 -0.15699491 -0.4601732 
47.05 -0.17794406 -0.37617846 
47.1 -0.19446882 -0.28356507 
47.15 -0.20619485 -0.18462184 
47.2 -0.21286555 -0.081760472 
47.25 -0.21434686 0.022538842 
47.3 -0.21062931 0.1257803 
47.35 -0.20182755 0.22550403 
47.4 -0.18817725 0.3193371 
47.45 -0.1700295 0.40504449 
47.5 -0.14784264 0.48058008 
47.55 -0.12217152 0.54413697 
47.6 -0.093654356 0.59419547 
47.65 -0.062997252 0.62956655 
47.7 -0.030956726 0.64942778 
47.75 0.0016793164 0.65334938 
47.8 0.034111602 0.64130768 
47.85 0.065549858 0.61368503 
47.9 0.095232814 0.57125586 
47.95 0.12244719 0.51515983 
48 0.14654505 0.44686443 
48.05 0.16695911 0.36811947 
48.1 0.18321557 0.2809066 
48.15 0.19494443 0.18738633 
48.2 0.20188704 0.089844715 
48.25 0.20390112 -0.0093591716 
48.3 0.2009631 -0.10784452 
48.35 0.19316792 -0.20325893 
48.4 0.18072644 -0.29332787 
48.45 0.16396024 -0.37590393 
48.5 0.14329408 -0.44901568 
48.55 0.11924589 -0.51091564 
48.6 0.09241442 -0.56012583 
48.65 0.063464715 -0.59547897 
48.7 0.033111674 -0.61615289 
48.75 0.0021021327 -0.62169563 
48.8 -0.028804044 -0.61203932 
48.85 -0.058853255 -0.58750144 
48.9 -0.087317189 -0.54877328 
48.95 -0.11351098 -0.49689643 
49 -0.13680991 -0.43322896 
49.05 -0.15666423 -0.35940374 
49.1 -0.17261172 -0.2772815 
49.15 -0.18428785 -0.18890096 
49.2 -0.19143345 -0.096428042 
49.25 -0.19389975 -0.0021053776 
49.3 -0.19165098 0.091797276 
49.35 -0.18476456 0.18303169 
49.4 -0.17342873 0.26941912 
49.45 -0.15793799 0.3488978 
49.5 -0.138686 0.41956984 
49.55 -0.11615625 0.479747 
49.6 -0.09091052 0.52799403 
49.65 -0.063575172 0.56316781 
49.7 -0.034825732 0.58445018 
49.75 -0.0053699837 0.59137228 
49.8 0.024069897 0.58382851 
49.85 0.05277561 0.56207893 
49.9 0.080050825 0.52673985 
49.95 0.10523853 0.47876309 
50 0.12773706 0.41940553 
50.05 0.14701445 0.35019088 
50.1 0.16262069 0.27286603 
50.15 0.17419772 0.18935419 
50.2 0.18148703 0.10170661 
50.25 0.18433488 0.0120542 
50.3 0.18269507 -0.077440332 
50.35 0.17662933 -0.16462956 
50.4 0.16630542 -0.24742776 
50.45 0.15199289 -0.32385667 
50.5 0.13405658 -0.3920906 
50.55 0.11294788 -0.45050009 
50.6 0.089193877 -0.49769323 
50.65 0.063384525 -0.53255289 
50.7 0.036158105 -0.55426809 
50.75 0.0081852782 -0.56235751 
50.8 -0.01984778 -0.55668345 
50.85 -0.047256693 -0.53745517 
50.9 -0.073376084 -0.50522127 
50.95 -0.097576131 -0.46085141 
51 -0.11927797 -0.40550886 
51.05 -0.1379675 -0.34061542 
51.1 -0.15320738 -0.26781089 
51.15 -0.16464676 -0.18890904 
51.2 -0.17202888 -0.10585185 
51.25 -0.17519633 -0.020663166 
51.3 -0.17409397 0.064597309 
51.35 -0.16876961 0.14787952 
51.4 -0.15937236 0.22718789 
51.45 -0.14614884 0.30062546 
51.5 -0.12943715 0.36643717 
51.55 -0.1096587 0.42305166 
51.6 -0.087308081 0.46912062 
51.65 -0.062940945 0.50355432 
51.7 -0.037160341 0.52555154 
51.75 -0.010601672 0.5346223 
51.8 0.016083249 0.53060171 
51.85 0.0422426 0.5136541 
51.9 0.067240899 0.48426684 
51.95 0.090474792 0.44323437 
52 0.11138783 0.39163334 
52.05 0.12948377 0.33079044 
52.1 0.14433822 0.26224476 
52.15 0.15560816 0.18770649 
52.2 0.16303947 0.10901357 
52.25 0.16647221 0.028087413 
52.3 0.16584364 -0.053111252 
52.35 0.16118918 -0.13262627 
52.4 0.15264098 -0.2085493 
52.45 0.14042457 -0.27906235 
52.5 0.12485323 -0.34247933 
52.55 0.10632041 -0.39728607 
52.6 0.085290193 -0.44217789 
52.65 0.062285925 -0.47609345 
52.7 0.037877336 -0.49824344 
52.75 0.012666348 -0.50813241 
52.8 -0.012727998 -0.5055726 
52.85 -0.037685082 -0.49068856 
52.9 -0.061598238 -0.46391233 
52.95 -0.083889815 -0.4259694 
53 -0.10402532 -0.37785624 
53.05 -0.12152626 -0.32081075 
53.1 -0.13598134 -0.2562774 
53.15 -0.14705586 -0.18586839 
53.2 -0.15449908 -0.11132268 
53.25 -0.15814948 -0.034463821 
53.3 -0.15793797 0.042842446 
53.35 -0.1538889 0.11873039 
53.4 -0.14611906 0.19137596 
53.45 -0.13483452 0.25903773 
53.5 -0.12032553 0.3200968 
53.55 -0.10295944 0.37309516 
53.6 -0.083171685 0.4167715 
53.65 -0.061455198 0.45009362 
53.7 -0.038348195 0.4722858 
53.75 -0.014420813 0.48284993 
53.8 0.0097391427 0.48157906 
53.85 0.033540927 0.46856258 
53.9 0.056405613 0.44418247 
53.95 0.077780446 0.40910099 
54 0.097152385 0.36424035 
54.05 0.11406044 0.31075563 
54.1 0.12810655 0.25000232 
54.15 0.13896466 0.18350001 
54.2 0.146388 0.1128936 
54.25 0.15021436 0.039913215 
54.3 0.1503693 -0.033666455 
54.35 0.14686739 -0.10606664 
54.4 0.13981141 -0.17554462 
54.45 0.12938955 -0.24043311 
54.5 0.11587067 -0.29917855 
54.55 0.099597704 -0.35037788 
54.6 0.080979243 -0.39281278 
54.65 0.060479532 -0.42548062 
54.7 0.038606996 -0.44762067 
54.75 0.015901609 -0.45873447 
54.8 -0.0070785819 -0.4585992 
54.85 -0.029771411 -0.44727312 
54.9 -0.051624616 -0.42509292 
54.95 -0.072109516 -0.39266284 
55 -0.090733965 -0.35083632 
55.05 -0.10705421 -0.30069108 
55.1 -0.12068538 -0.24349904 
55.15 -0.13131034 -0.18069227 
55.2 -0.1386868 -0.11382637 
55.25 -0.14265258 -0.044542301 
55.3 -0.14312882 0.025472385 
55.35 -0.14012143 0.094522472 
55.4 -0.13372046 0.16094361 
55.45 -0.1240976 0.2231402 
55.5 -0.11150186 0.27962212 
55.55 -0.096253345 0.32903998 
55.6 -0.078735456 0.37021788 
55.65 -0.059385406 0.402183 
55.7 -0.038683445 0.4241907 
55.75 -0.017140927 0.43574417 
55.8 0.0047124382 0.43660752 
55.85 0.026341804 0.42681158 
55.9 0.047220511 0.406652 
55.95 0.066843118 0.37667975 
56 0.084737788 0.33768451 
56.05 0.10047766 0.29067182 
56.1 0.113691 0.23683508 
56.15 0.12406973 0.17752367 
56.2 0.13137648 0.11420843 
56.25 0.13544968 0.048445376 
56.3 0.13620692 -0.018161322 
56.35 0.13364642 -0.083996629 
56.4 0.12784666 -0.14747164 
56.45 0.11896414 -0.20705996 
56.5 0.10722941 -0.26133298 
56.55 0.092941262 -0.30899361 
56.6 0.076459408 -0.34890771 
56.65 0.058195601 -0.38013229 
56.7 0.038603447 -0.40193967 
56.75 0.018167147 -0.41383637 
56.8 -0.0026105588 -0.41557596 
56.85 -0.023220925 -0.40716502 
56.9 -0.043161852 -0.38886204 
56.95 -0.061950303 -0.36116906 
57 -0.079134133 -0.32481668 
57.05 -0.094303012 -0.28074299 
57.1 -0.10709817 -0.23006763 
57.15 -0.11722075 -0.17406192 
57.2 -0.12443855 -0.11411629 
57.25 -0.1285912 -0.051705834 
57.3 -0.12959342 0.011644965 
57.35 -0.12743667 0.074397946 
57.4 -0.12218892 0.13503676 
57.45 -0.11399266 0.19210176 
57.5 -0.10306127 0.24422388 
57.55 -0.08967362 0.29015695 
57.6 -0.074167183 0.32880774 
57.65 -0.056929706 0.35926305 
57.7 -0.038389601 0.38081279 
57.75 -0.019005315 0.39296825 
57.8 0.00074607765 0.39547461 
57.85 0.02038075 0.38831711 
57.9 0.039420145 0.37172056 
57.95 0.057402795 0.34614204 
58 0.073895624 0.31225734 
58.05 0.088504417 0.27094155 
58.1 0.10088321 0.22324505 
58.15 0.11074235 0.17036543 
58.2 0.11785513 0.11361688 
58.25 0.12206276 0.054397481 
58.3 0.12327779 -0.0058444007 
58.35 0.12148569 -0.065644253 
58.4 0.11674489 -0.12355542 
58.45 0.10918498 -0.1781826 
58.5 0.099003359 -0.22821429 
58.55 0.086460267 -0.27245375 
58.6 0.071872294 -0.30984786 
58.65 0.055604552 -0.33951294 
58.7 0.03806163 -0.36075698 
58.75 0.01967755 -0.37309723 
58.8 0.00090497031 -0.37627239 
58.85 -0.017796064 -0.37024896 
58.9 -0.035969543 -0.35522121 
58.95 -0.053174745 -0.33160489 
59 -0.068997027 -0.30002491 
59.05 -0.083057863 -0.26129755 
59.1 -0.095023863 -0.21640807 
59.15 -0.10461459 -0.16648452 
59.2 -0.11160897 -0.11276878 
59.25 -0.11585025 -0.056585696 
59.3 -0.1172493 0.00068903522 
59.35 -0.11578638 0.057661401 
59.4 -0.11151124 0.11295166 
59.45 -0.10454156 0.16522642 
59.5 -0.095059914 0.2132298 
59.55 -0.083309087 0.25581303 
59.6 -0.069586053 0.29196213 
59.65 -0.054234589 0.32082265 
59.7 -0.037636756 0.34172097 
59.75 -0.020203408 0.35418131 
59.8 -0.0023639884 0.35793757 
59.85 0.015444148 0.35293979 
59.9 0.032786571 0.33935457 
59.95 0.049242493 0.31755966 
60 0.064415071 0.28813274 
60.05 0.077941015 0.25183512 
60.1 0.089499264 0.20959091 
60.15 0.098818528 0.1624625 
60.2 0.10568353 0.11162329 
60.25 0.10993984 0.058328443 
60.3 0.11149717 0.0038843593 
60.35 0.11033122 -0.050382398 
60.4 0.10648385 -0.10315627 
60.45 0.10006178 -0.15316343 
60.5 0.091233776 -0.19920164 
60.55 0.0802263 -0.24016863 
60.6 0.067317891 -0.27508858 
60.65 0.052832211 -0.30313585 
60.7 0.037130017 -0.32365544 
60.75 0.020600197 -0.33617933 
60.8 0.0036501158 -0.34043812 
60.85 -0.013304505 -0.33636743 
60.9 -0.02984988 -0.32410882 
60.95 -0.045584363 -0.30400503 
61 -0.060128274 -0.27658992 
61.05 -0.073133101 -0.24257342 
61.1 -0.084289835 -0.20282219 
61.15 -0.093336246 -0.15833664 
61.2 -0.10006294 -0.11022533 
61.25 -0.10431807 -0.059677161 
61.3 -0.10601066 -0.0079324797 
61.35 -0.1051124 0.043746643 
61.4 -0.10165802 0.094106172 
61.45 -0.095744126 0.14192954 
61.5 -0.087526624 0.1860662 
61.55 -0.077216721 0.22545891 
61.6 -0.065075625 0.25916898 
61.65 -0.051408033 0.28639912 
61.7 -0.036554553 0.30651303 
61.75 -0.020883247 0.31905116 
61.8 -0.0047804897 0.32374206 
61.85 0.01135862 0.32050882 
61.9 0.027140035 0.30947026 
61.95 0.042180473 0.29093694 
62 0.056116792 0.26540201 
62.05 0.06861479 0.23352737 
62.1 0.079377216 0.19612569 
62.15 0.088150778 0.15413895 
62.2 0.094732016 0.10861423 
62.25 0.09897191 0.06067754 
62.3 0.10077914 0.011506229 
62.35 0.10012195 -0.037699243 
62.4 0.097028591 -0.085743781 
62.45 0.091586347 -0.1314658 
62.5 0.083939169 -0.17376458 
62.55 0.074283977 -0.21162638 
62.6 0.062865695 -0.24414863 
62.65 0.049971132 -0.27056183 
62.7 0.035921845 -0.2902484 
62.75 0.021066151 -0.30275781 
62.8 0.0057704743 -0.30781771 
62.85 -0.0095897404 -0.30534027 
62.9 -0.024639312 -0.29542375 
62.95 -0.039012565 -0.27834908 
63 -0.052362274 -0.25457159 
63.05 -0.064368081 -0.22470828 
63.1 -0.074744183 -0.1895211 
63.15 -0.083246082 -0.14989687 
63.2 -0.089676275 -0.10682449 
63.25 -0.093888742 -0.061370202 
63.3 -0.095792166 -0.014651365 
63.35 -0.095351814 0.032190411 
63.4 -0.092590076 0.078016462 
63.45 -0.087585637 0.12171798 
63.5 -0.080471329 0.16224221 
63.55 -0.071430696 0.19861741 
63.6 -0.060693357 0.22997611 
63.65 -0.048529253 0.25557602 
63.7 -0.035241928 0.27481817 
63.75 -0.021160976 0.28726156 
63.8 -0.0066338627 0.29263385 
63.85 0.0079826926 0.29083783 
63.9 0.022331532 0.28195313 
63.95 0.036063853 0.26623341 
64 0.048847736 0.24409885 
64.05 0.060376203 0.21612446 
64.1 0.070374576 0.18302455 
64.15 0.078606992 0.14563389 
64.2 0.084881895 0.10488632 
64.25 0.089056411 0.061791299 
64.3 0.091039518 0.017409074 
64.35 0.090793938 -0.02717493 
64.4 0.088336758 -0.070876047 
64.45 0.083738739 -0.1126361 
64.5 0.077122365 -0.15144847 
64.55 0.068658662 -0.18638196 
64.6 0.058562859 -0.21660312 
64.65 0.047088994 -0.24139627 
64.7 0.034523572 -0.26018094 
64.75 0.021178442 -0.27252595 
64.8 0.0073830539 -0.2781599 
64.85 -0.0065237095 -0.27697747 
64.9 -0.020201902 -0.26904148 
64.95 -0.033318882 -0.25458045 
65 -0.045557443 -0.23398193 
65.05 -0.056623517 -0.20778166 
65.1 -0.066253231 -0.17664915 
65.15 -0.074219175 -0.1413701 
65.2 -0.080335708 -0.1028262 
65.25 -0.08446322 -0.061973033 
65.3 -0.086511234 -0.01981647 
65.35 -0.086440321 0.022611677 
65.4 -0.084262773 0.064278396 
65.45 -0.080042049 0.10417405 
65.5 -0.073891005 0.14133637 
65.55 -0.065968949 0.17487327 
65.6 -0.056477585 0.20398425 
65.65 -0.04565595 0.22797963 
65.7 -0.03377444 0.24629719 
65.75 -0.021128082 0.2585159 
65.8 -0.0080292083 0.264366 
65.85 0.005200284 0.2637353 
65.9 0.018236881 0.25667138 
65.95 0.030763411 0.24337968 
66 0.042476802 0.22421736 
66.05 0.053095433 0.19968346 
66.1 0.062365911 0.1704054 
66.15 0.070069084 0.13712257 
66.2 0.076025179 0.10066734 
66.25 0.080097933 0.061944114 
66.3 0.08219764 0.021907044 
66.35 0.082283063 -0.018463206 
66.4 0.080362172 -0.058183008 
66.45 0.0764917 -0.09628925 
66.5 0.070775544 -0.13186225 
66.55 0.063362041 -0.16404764 
66.6 0.054440183 -0.19207683 
66.65 0.044234858 -0.21528541 
66.7 0.03300123 -0.23312926 
66.75 0.021018382 -0.24519765 
66.8 0.008582384 -0.25122311 
66.85 -0.0040010383 -0.25108766 
66.9 -0.016424055 -0.24482514 
66.95 -0.028384299 -0.23261971 
67 -0.039592265 -0.21480032 
67.05 -0.04977833 -0.19183164 
67.1 -0.058699246 -0.16430158 
67.15 -0.066143922 -0.13290582 
67.2 -0.071938382 -0.098430057 
67.25 -0.075949775 -0.061730161 
67.3 -0.078089358 -0.02371105 
67.35 -0.078314403 0.014695372 
67.4 -0.076628982 0.052552678 
67.45 -0.073083636 0.088942316 
67.5 -0.067773928 0.12298551 
67.55 -0.060837925 0.15386422 
67.6 -0.052452668 0.1808407 
67.65 -0.042829703 0.20327517 
67.7 -0.03220979 0.22064129 
67.75 -0.0208569 0.2325388 
67.8 -0.0090516574 0.23870307 
67.85 0.0029156078 0.2390113 
67.9 0.01475203 0.23348494 
67.95 0.026169407 0.22228856 
68 0.036891245 0.2057249 
68.05 0.046659478 0.18422649 
68.1 0.055240673 0.15834406 
68.15 0.062431592 0.12873212 
68.2 0.068063976 0.096132173 
68.25 0.072008425 0.061354052 
68.3 0.074177327 0.025255854 
68.35 0.074526743 -0.011277005 
68.4 0.073057244 -0.047353187 
68.45 0.06981367 -0.082096809 
68.5 0.064883829 -0.11466836 
68.55 0.058396178 -0.14428476 
68.6 0.050516521 -0.17023808 
68.65 0.041443824 -0.19191249 
68.7 0.031405226 -0.20879913 
68.75 0.020650376 -0.22050826 
68.8 0.009445229 -0.22677862 
68.85 -0.0019345384 -0.22748342 
68.9 -0.013210336 -0.22263297 
68.95 -0.024107505 -0.21237383 
69 -0.034362035 -0.19698434 
69.05 -0.043726976 -0.17686699 
69.1 -0.051978385 -0.15253758 
69.15 -0.058920666 -0.12461177 
69.2 -0.064391179 -0.093789275 
69.25 -0.068264005 -0.060836235 
69.3 -0.0704528 -0.026566236 
69.35 -0.070912673 0.0081796077 
69.4 -0.069641051 0.042553022 
69.45 -0.066677528 0.07571896 
69.5 -0.062102703 0.10687559 
69.55 -0.056036034 0.13527346 
69.6 -0.048632765 0.16023343 
69.65 -0.040079997 0.18116294 
69.7 -0.03059199 0.19757027 
69.75 -0.020404821 0.20907628 
69.8 -0.0097705159 0.21542343 
69.85 0.0010491957 0.21648176 
69.9 0.011789337 0.21225156 
69.95 0.022188199 0.20286281 
70 0.031993735 0.18857121 
70.05 0.040969687 0.16975111 
70.1 0.048901279 0.14688551 
70.15 0.05560034 0.12055341 
70.2 0.060909746 0.091415003 
70.25 0.064707069 0.060194996 
70.3 0.066907355 0.027664659 
70.35 0.067464986 -0.0053771042 
70.4 0.066374576 -0.038123133 
70.45 0.063670897 -0.069777452 
70.5 0.059427842 -0.099574359 
70.55 0.05375645 -0.12679675 
70.6 0.046802035 -0.15079327 
70.65 0.03874051 -0.17099395 
70.7 0.029773961 -0.18692383 
70.75 0.020125604 -0.19821437 
70.8 0.010034235 -0.20461212 
70.85 -0.00025168421 -0.20598464 
70.9 -0.010480159 -0.20232325 
70.95 -0.020401854 -0.19374267 
71 -0.029776189 -0.18047756 
71.05 -0.038377184 -0.16287596 
71.1 -0.045998909 -0.14139002 
71.15 -0.052460402 -0.1165642 
71.2 -0.057609945 -0.089021279 
71.25 -0.061328594 -0.059446702 
71.3 -0.063532887 -0.028571508 
71.35 -0.064176687 0.0028456012 
71.4 -0.063252094 0.034036708 
71.45 -0.060789452 0.064243208 
71.5 -0.056856418 0.092734035 
71.55 -0.051556151 0.11882317 
71.6 -0.045024635 0.14188608 
71.65 -0.03742723 0.16137467 
71.7 -0.028954514 0.17683041 
71.75 -0.019817517 0.18789527 
71.8 -0.010242474 0.19432024 
71.85 -0.00046522405 0.19597101 
71.9 0.0092746149 0.19283086 
71.95 0.018739531 0.18500052 
72 0.027699926 0.17269505 
72.05 0.035939697 0.15623791 
72.1 0.043261445 0.13605227 
72.15 0.049491199 0.11264999 
72.2 0.054482529 0.086618508 
72.25 0.05811996 0.058606003 
72.3 0.060321609 0.0293053 
72.35 0.061041 -0.00056318424 
72.4 0.060268001 -0.030268977 
72.45 0.058028885 -0.059089209 
72.5 0.054385517 -0.086326003 
72.55 0.04943368 -0.11132322 
72.6 0.04330059 -0.13348216 
72.65 0.036141659 -0.15227594 
72.7 0.028136582 -0.16726206 
72.75 0.019484844 -0.17809297 
72.8 0.010400758 -0.18452431 
72.85 0.0011081534 -0.18642047 
72.9 -0.0081651485 -0.18375756 
72.95 -0.01719293 -0.17662347 
73 -0.025756109 -0.16521507 
73.05 -0.033648067 -0.14983279 
73.1 -0.040679631 -0.13087258 
73.15 -0.046683602 -0.10881557 
73.2 -0.051518716 -0.084215761 
73.25 -0.055072941 -0.057686025 
73.3 -0.057266045 -0.029882871 
73.35 -0.058051377 -0.0014902677 
73.4 -0.057416824 0.026797035 
73.45 -0.055384927 0.054290326 
73.5 -0.052012169 0.080323525 
73.55 -0.047387432 0.10426918 
73.6 -0.041629691 0.12555351 
73.65 -0.034884978 0.14367014 
73.7 -0.027322704 0.15819222 
73.75 -0.019131415 0.16878259 
73.8 -0.010514105 0.17520173 
73.85 -0.001683181 0.17731326 
73.9 0.0071447758 0.17508692 
73.95 0.015754335 0.16859877 
74 0.023936482 0.15802881 
74.05 0.031493702 0.14365595 
74.1 0.038244747 0.12585054 
74.15 0.044028977 0.10506474 
74.2 0.048710165 0.081820928 
74.25 0.05217969 0.056698528 
74.3 0.054359026 0.030319543 
74.35 0.055201496 0.0033332465 
74.4 0.054693236 -0.02359968 
74.45 0.052853369 -0.049823168 
74.5 0.049733376 -0.074701591 
74.55 0.045415686 -0.097635042 
74.6 0.04001153 -0.11807373 
74.65 0.033658098 -0.13553114 
74.7 0.026515076 -0.14959566 
74.75 0.018760651 -0.1599404 
74.8 0.010587073 -0.16633085 
74.85 0.0021958879 -0.16863032 
74.9 -0.0062070366 -0.16680289 
74.95 -0.014416568 -0.16091381 
75 -0.022233328 -0.15112738 
75.05 -0.029468537 -0.13770237 
75.1 -0.035948579 -0.12098511 
75.15 -0.041519156 -0.10140044 
75.2 -0.046048956 -0.079440858 
75.25 -0.049432721 -0.055654051 
75.3 -0.05159368 -0.030629267 
75.35 -0.052485259 -0.0049827619 
75.4 -0.052092058 0.020657269 
75.45 -0.050430069 0.045665946 
75.5 -0.04754613 0.069436798 
75.55 -0.043516633 0.091396356 
75.6 -0.038445535 0.11101792 
75.65 -0.032461687 0.12783418 
75.7 -0.025715589 0.14144837 
75.75 -0.018375614 0.15154372 
75.8 -0.010623813 0.15789088 
75.85 -0.0026514035 0.16035325 
75.9 0.0053459501 0.1588899 
75.95 0.013172948 0.15355619 
76 0.02063943 0.14450183 
76.05 0.027564998 0.13196678 
76.1 0.033783381 0.11627478 
76.15 0.039146415 0.097824936 
76.2 0.043527565 0.077081475 
76.25 0.046824897 0.054562039 
76.3 0.048963425 0.030824759 
76.35 0.049896796 0.0064544735 
76.4 0.049608269 -0.017951593 
76.45 0.048110971 -0.041798349 
76.5 0.045447431 -0.064507232 
76.55 0.041688399 -0.085530139 
76.6 0.036930994 -0.1043626 
76.65 0.031296211 -0.12055585 
76.7 0.024925867 -0.13372757 
76.75 0.017979037 -0.14357094 
76.8 0.010628098 -0.14986191 
76.85 0.0030544467 -0.1524643 
76.9 -0.0045559744 -0.15133282 
76.95 -0.012017249 -0.14651372 
77 -0.019148034 -0.13814321 
77.05 -0.02577597 -0.12644366 
77.1 -0.031741851 -0.11171758 
77.15 -0.03690344 -0.094339819 
77.2 -0.041138851 -0.074747889 
77.25 -0.044349415 -0.053430958 
77.3 -0.04646196 -0.030917615 
77.35 -0.047430458 -0.0077628091 
77.4 -0.047237004 0.015465753 
77.45 -0.045892109 0.038201429 
77.5 -0.043434303 0.059892361 
77.55 -0.039929062 0.080014779 
77.6 -0.035467084 0.098085589 
77.65 -0.030161958 0.11367395 
77.7 -0.024147294 0.12641158 
77.75 -0.017573367 0.13600146 
77.8 -0.010603368 0.14222488 
77.85 -0.0034093613 0.14494643 
77.9 0.0038319707 0.14411698 
77.95 0.010943666 0.1397745 
78 0.017752815 0.13204266 
78.05 0.024094764 0.12112735 
78.1 0.029817101 0.1073112 
78.15 0.034783312 0.090946152 
78.2 0.038876029 0.072444487 
78.25 0.041999792 0.052268392 
78.3 0.044083259 0.030918414 
78.35 0.045080817 0.0089210706 
78.4 0.04497356 -0.013184061 
78.45 0.043769615 -0.034857502 
78.5 0.041503804 -0.055572941 
78.55 0.038236672 -0.07482994 
78.6 0.034052887 -0.092165966 
78.65 0.029059059 -0.10716748 
78.7 0.023381046 -0.11947982 
78.75 0.017160785 -0.12881561 
78.8 0.010552757 -0.13496152 
78.85 0.0037201493 -0.1377832 
78.9 -0.0031691705 -0.1372282 
78.95 -0.0099467851 -0.13332692 
79 -0.016447847 -0.12619138 
79.05 -0.022515089 -0.11601212 
79.1 -0.02800263 -0.10305303 
79.15 -0.032779481 -0.087644523 
79.2 -0.036732659 -0.070175013 
79.25 -0.03976985 -0.051081135 
79.3 -0.041821554 -0.030836813 
79.35 -0.042842655 -0.0099415297 
79.4 -0.042813394 0.011091943 
79.45 -0.041739724 0.031750051 
79.5 -0.039653035 0.051530922 
79.55 -0.036609262 0.069956483 
79.6 -0.032687411 0.086583968 
79.65 -0.027987518 0.10101653 
79.7 -0.022628113 0.11291274 
79.75 -0.016743242 0.12199464 
79.8 -0.010479119 0.12805436 
79.85 -0.0039904995 0.13095884 
79.9 0.0025631464 0.13065277 
79.95 0.0090215513 0.12715965 
80 0.015227575 0.12058071 
80.05 0.021031027 0.11109212 
80.1 0.026292305 0.098940231 
80.15 0.030885747 0.08443511 
80.2 0.034702623 0.067942646 
80.25 0.037653705 0.049875266 
80.3 0.039671336 0.030681631 
80.35 0.040710967 0.010835514 
80.4 0.040752123 -0.0091758465 
80.45 0.039798781 -0.028863643 
80.5 0.037879149 -0.047749369 
80.55 0.03504486 -0.065376389 
80.6 0.031369604 -0.081320932 
80.65 0.02694722 -0.095202257 
80.7 0.02188932 -0.10669175 
80.75 0.016322476 -0.11552071 
80.8 0.010385061 -0.12148671 
80.85 0.0042238143 -0.12445819 
80.9 -0.0020097849 -0.12437746 
80.95 -0.0081632444 -0.12126169 
81 -0.014086789 -0.11520213 
81.05 -0.019637011 -0.10636154 
81.1 -0.024680335 -0.094969765 
81.15 -0.029096237 -0.081317742 
81.2 -0.032780113 -0.065750059 
81.25 -0.035645751 -0.048656225 
81.3 -0.037627336 -0.030460923 
81.35 -0.038680947 -0.011613485 
81.4 -0.038785519 0.0074231712 
81.45 -0.037943235 0.02618385 
81.5 -0.036179357 0.044212388 
81.55 -0.033541502 0.061072688 
81.6 -0.030098367 0.076359228 
81.65 -0.025937958 0.089706791 
81.7 -0.021165347 0.10079919 
81.75 -0.015900035 0.10937679 
81.8 -0.010272956 0.11524257 
81.85 -0.0044232331 0.11826673 
81.9 0.0015052628 0.11838951 
81.95 0.0073674536 0.11562236 
82 0.013020604 0.1100473 
82.05 0.018327796 0.10181454 
82.1 0.02316125 0.091138448 
82.15 0.027405391 0.07829194 
82.2 0.030959612 0.063599478 
82.25 0.033740649 0.047428869 
82.3 0.035684521 0.030182048 
82.35 0.036747992 0.012285108 
82.4 0.036909515 -0.0058221905 
82.45 0.036169648 -0.02369718 
82.5 0.034550933 -0.040905054 
82.55 0.032097234 -0.05702939 
82.6 0.028872566 -0.071682195 
82.65 0.024959436 -0.084513216 
82.7 0.020456746 -0.095218309 
82.75 0.015477296 -0.10354666 
82.8 0.01014497 -0.1093067 
82.85 0.0045916539 -0.11237049 
82.9 -0.0010460245 -0.11267661 
82.95 -0.006630056 -0.1102313 
83 -0.01202443 -0.10510803 
83.05 -0.017098447 -0.097445313 
83.1 -0.021729886 -0.087442981 
83.15 -0.025807944 -0.075356968 
83.2 -0.029235882 -0.061492733 
83.25 -0.031933315 -0.046197535 
83.3 -0.033838086 -0.029851727 
83.35 -0.034907685 -0.012859317 
83.4 -0.035120191 0.0043619886 
83.45 -0.034474694 0.02139101 
83.5 -0.032991218 0.03781335 
83.55 -0.030710126 0.053231433 
83.6 -0.027691041 0.067274093 
83.65 -0.024011293 0.079605495 
83.7 -0.019763952 0.089933153 
83.75 -0.015055484 0.098014885 
83.8 -0.01000308 0.1036645 
83.85 -0.0047317527 0.10675611 
83.9 0.00062876233 0.10722692 
83.95 0.0059471962 0.10507849 
84 0.011093962 0.10037636 
84.05 0.015944313 0.093248119 
84.1 0.020381364 0.083879976 
84.15 0.024298907 0.072511867 
84.2 0.027603949 0.059431302 
84.25 0.03021891 0.044966087 
84.3 0.03208344 0.029476103 
84.35 0.033155799 0.01334437 
84.4 0.03341378 -0.0030324008 
84.45 0.032855154 -0.019253525 
84.5 0.031497618 -0.034924107 
84.55 0.029378272 -0.049664616 
84.6 0.026552615 -0.063120043 
84.65 0.023093103 -0.074968434 
84.7 0.019087303 -0.084928589 
84.75 0.014635681 -0.092766738 
84.8 0.009849087 -0.098302039 
84.85 0.0048460014 -0.10141076 
84.9 -0.00025039801 -0.10202906 
84.95 -0.0053152676 -0.10015423 
85 -0.010225156 -0.095844504 
85.05 -0.014861013 -0.089217284 
85.1 -0.019111075 -0.080445987 
85.15 -0.022873558 -0.069755488 
85.2 -0.026059088 -0.057416348 
85.25 -0.028592823 -0.04373796 
85.3 -0.0304162 -0.029060787 
85.35 -0.031488281 -0.013747906 
85.4 -0.031786662 0.0018239585 
85.45 -0.031307922 0.017273665 
85.5 -0.030067615 0.032224949 
85.55 -0.028099797 0.046315554 
85.6 -0.0254561 0.059205978 
85.65 -0.022204393 0.070587635 
85.7 -0.018427046 0.080190235 
85.75 -0.014218846 0.087788207 
85.8 -0.0096846335 0.093206006 
85.85 -0.0049366835 0.096322175 
85.9 -9.1933977e-05 0.097072066 
85.95 0.0047308955 0.095449151 
86 0.0094142126 0.091504899 
86.05 0.013844419 0.085347219 
86.1 0.017914663 0.077137529 
86.15 0.021527418 0.067086524 
86.2 0.024596813 0.05544876 
86.25 0.027050667 0.042516203 
86.3 0.028832184 0.028610904 
86.35 0.029901256 0.014076988 
86.4 0.030235355 -0.00072783989 
86.45 0.029829998 -0.015441072 
86.5 0.028698761 -0.029704242 
86.55 0.02687286 -0.043171628 
86.6 0.024400306 -0.055518604 
86.65 0.021344647 -0.06644945 
86.7 0.017783347 -0.075704427 
86.75 0.013805824 -0.083065947 
86.8 0.0095112167 -0.088363698 
86.85 0.0050059088 -0.091478585 
86.9 0.00040090182 -0.092345409 
86.95 -0.0041909214 -0.0909542 
87 -0.0086575623 -0.08735019 
87.05 -0.012890638 -0.081632433 
87.1 -0.016788011 -0.073951098 
87.15 -0.020256249 -0.064503531 
87.2 -0.023212863 -0.053529179 
87.25 -0.025588266 -0.041303515 
87.3 -0.027327401 -0.028131131 
87.35 -0.028391012 -0.014338151 
87.4 -0.02875652 -0.0002641765 
87.45 -0.02841849 0.013746047 
87.5 -0.027388679 0.027351051 
87.55 -0.025695659 0.040220935 
87.6 -0.023384042 0.052045347 
87.65 -0.020513314 0.062540946 
87.7 -0.017156305 0.071458186 
87.75 -0.013397357 0.07858725 
87.8 -0.0093302004 0.083762986 
87.85 -0.0050556271 0.08686874 
87.9 -0.00067899043 0.087838979 
87.95 0.0036923882 0.086660649 
88 0.0079518508 0.083373237 
88.05 0.011996004 0.078067541 
88.1 0.015727229 0.070883187 
88.15 0.019056032 0.062004954 
88.2 0.021903194 0.051658027 
88.25 0.024201644 0.040102278 
88.3 0.025898041 0.027625739 
88.35 0.026953998 0.014537438 
88.4 0.027346948 0.0011597536 
88.45 0.027070612 -0.012179502 
88.5 0.026135068 -0.025155091 
88.55 0.02456643 -0.037452252 
88.6 0.022406125 -0.04877432 
88.65 0.019709813 -0.058849863 
88.7 0.016545957 -0.067439183 
88.75 0.012994092 -0.074340014 
88.8 0.0091428262 -0.079392293 
88.85 0.0050876397 -0.082481865 
88.9 0.00092851435 -0.083543064 
88.95 -0.0032325276 -0.082560083 
89 -0.0072939254 -0.079567117 
89.05 -0.011157058 -0.074647275 
89.1 -0.014728638 -0.067930299 
89.15 -0.017922961 -0.059589146 
89.2 -0.020663962 -0.049835537 
89.25 -0.022887017 -0.038914583 
89.3 -0.02454047 -0.027098622 
89.35 -0.025586819 -0.014680442 
89.4 -0.026003564 -0.0019660347 
89.45 -0.025783677 0.010732924 
89.5 -0.024935699 0.023106692 
89.55 -0.023483451 0.034854992 
89.6 -0.021465378 0.045694282 
89.65 -0.018933543 0.055364583 
89.7 -0.015952285 0.063635704 
89.75 -0.012596593 0.070312722 
89.8 -0.0089502237 0.075240573 
89.85 -0.0051036112 0.078307654 
89.9 -0.0011516297 0.079448346 
89.95 0.0028087466 0.078644394 
90 0.0066808222 0.075925124 
90.05 0.010370539 0.071366487 
90.1 0.013788763 0.065088962 
90.15 0.01685343 0.057254383 
90.2 0.019491519 0.048061769 
90.25 0.021640785 0.037742263 
90.3 0.023251223 0.02655333 
90.35 0.024286227 0.014772334 
90.4 0.024723415 0.0026896792 
90.45 0.024555103 -0.0093983347 
90.5 0.023788415 -0.021196758 
90.55 0.022445044 -0.032419167 
90.6 0.020560641 -0.042794601 
90.65 0.018183884 -0.052074091 
90.7 0.015375224 -0.060036625 
90.75 0.01220535 -0.066494407 
90.8 0.0087534196 -0.071297286 
90.85 0.0051050792 -0.074336249 
90.9 0.0013503451 -0.075545884 
90.95 -0.0024186173 -0.074905773 
91 -0.0061097548 -0.072440766 
91.05 -0.0096333733 -0.068220151 
91.1 -0.012904316 -0.062355734 
91.15 -0.015844021 -0.054998884 
91.2 -0.018382402 -0.046336632 
91.25 -0.02045952 -0.036586914 
91.3 -0.022026993 -0.025993094 
91.35 -0.023049117 -0.014817896 
91.4 -0.023503673 -0.0033368957 
91.45 -0.023382401 0.008168258 
91.5 -0.022691131 0.019416734 
91.55 -0.021449574 0.030135356 
91.6 -0.019690766 0.040065224 
91.65 -0.017460203 0.048967951 
91.7 -0.014814666 0.056631378 
91.75 -0.011820781 0.06287463 
91.8 -0.0085533462 0.067552378 
91.85 -0.0050934641 0.070558222 
91.9 -0.0015265319 0.071827106 
91.95 0.0020598654 0.071336705 
92 0.0055781036 0.069107764 
92.05 0.0089426599 0.065203375 
92.1 0.01207219 0.059727217 
92.15 0.014891494 0.052820819 
92.2 0.017333319 0.044659903 
92.25 0.019339962 0.035449915 
92.3 0.020864629 0.025420858 
92.35 0.021872522 0.014821552 
92.4 0.022341625 0.0039134723 
92.45 0.02226318 -0.0070356878 
92.5 0.021641833 -0.017758572 
92.55 0.02049545 -0.027994672 
92.6 0.018854623 -0.037496643 
92.65 0.016761855 -0.046036266 
92.7 0.014270467 -0.053409927 
92.75 0.011443242 -0.059443458 
92.8 0.0083508491 -0.063996258 
92.85 0.0050700775 -0.066964559 
92.9 0.0016819332 -0.06828379 
92.95 -0.0017303604 -0.067929961 
93 -0.005083405 -0.065920052 
93.05 -0.0082956647 -0.062311393 
93.1 -0.011289448 -0.057200059 
93.15 -0.013992783 -0.050718324 
93.2 -0.016341148 -0.043031243 
93.25 -0.018279009 -0.034332452 
93.3 -0.019761125 -0.024839292 
93.35 -0.020753604 -0.014787388 
93.4 -0.021234672 -0.0044248051 
93.45 -0.021195142 0.005994058 
93.5 -0.020638574 0.016214702 
93.55 -0.019581128 0.025988728 
93.6 -0.018051104 0.035079863 
93.65 -0.016088193 0.04326966 
93.7 -0.013742452 0.050362737 
93.75 -0.011073033 0.056191436 
93.8 -0.008146694 0.060619779 
93.85 -0.0050361301 0.063546644 
93.9 -0.0018181731 0.064908059 
93.95 0.0014281071 0.064678589 
94 0.0046233428 0.062871768 
94.05 0.0076898085 0.059539573 
94.1 0.01055331 0.054770963 
94.15 0.013144978 0.048689511 
94.2 0.015402923 0.041450211 
94.25 0.017273708 0.033235534 
94.3 0.018713614 0.024250825 
94.35 0.019689654 0.014719183 
94.4 0.020180326 0.0048759242 
94.45 0.020176077 -0.005037215 
94.5 0.01967948 -0.014778001 
94.55 0.018705108 -0.024109613 
94.6 0.017279119 -0.032806381 
94.65 0.015438562 -0.040659244 
94.7 0.013230417 -0.047480756 
94.75 0.010710403 -0.053109566 
94.8 0.0079415734 -0.057414222 
94.85 0.0049927392 -0.060296243 
94.9 0.001936764 -0.061692363 
94.95 -0.0011512363 -0.061575906 
95 -0.0041957387 -0.059957255 
95.05 -0.0071226586 -0.056883417 
95.1 -0.0098611514 -0.052436692 
95.15 -0.012345326 -0.046732476 
95.2 -0.014515827 -0.039916277 
95.25 -0.016321252 -0.032160009 
95.3 -0.017719365 -0.023657656 
95.35 -0.018678083 -0.014620427 
95.4 -0.019176201 -0.0052715182 
95.45 -0.019203863 0.0041593916 
95.5 -0.01876274 0.013441771 
95.55 -0.017865934 0.022349861 
95.6 -0.016537602 0.030668152 
95.65 -0.014812308 0.038196592 
95.7 -0.012734134 0.044755385 
95.75 -0.010355554 0.050189287 
95.8 -0.0077361123 0.054371269 
95.85 -0.0049409351 0.057205488 
95.9 -0.0020391148 0.058629473 
95.95 0.00089799742 0.058615492 
96 0.0037985446 0.057171055 
96.05 0.0065919209 0.054338559 
96.1 0.0092104885 0.050194072 
96.15 0.011591215 0.044845308 
96.2 0.013677186 0.038428833 
96.25 0.015418969 0.031106581 
96.3 0.016775776 0.023061775 
96.35 0.017716416 0.014494342 
96.4 0.018220014 0.0056159565 
96.45 0.018276461 -0.0033551836 
96.5 0.017886608 -0.012199709 
96.55 0.017062196 -0.02070243 
96.6 0.015825508 -0.028657568 
96.65 0.014208779 -0.03587372 
96.7 0.012253356 -0.04217846 
96.75 0.010008647 -0.047422454 
96.8 0.0075308737 -0.051482994 
96.85 0.0048816677 -0.054266861 
96.9 0.0021265371 -0.055712462 
96.95 -0.00066675076 -0.055791179 
97 -0.0034298346 -0.054507906 
97.05 -0.0060954314 -0.051900762 
97.1 -0.0085989737 -0.048039994 
97.15 -0.010880172 -0.043026096 
97.2 -0.012884464 -0.036987203 
97.25 -0.014564319 -0.030075821 
97.3 -0.015880363 -0.022464979 
97.35 -0.016802294 -0.014343902 
97.4 -0.017309582 -0.0059133106 
97.45 -0.017391915 0.0026195267 
97.5 -0.017049405 0.011045885 
97.55 -0.016292528 0.019160677 
97.6 -0.01514182 0.026767435 
97.65 -0.013627325 0.033683061 
97.7 -0.011787816 0.039742226 
97.75 -0.0096698031 0.044801318 
97.8 -0.0073263638 0.04874184 
97.85 -0.0048158124 0.051473182 
97.9 -0.002200252 0.0529347 
97.95 0.00045596075 0.053097046 
98 0.0030877975 0.051962736 
98.05 0.0056311494 0.049565926 
98.1 0.0080243871 0.04597142 
98.15 0.010209853 0.041272933 
98.2 0.012135249 0.035590655 
98.25 0.013754885 0.029068182 
98.3 0.015030762 0.021868891 
98.35 0.01593346 0.014171849 
98.4 0.016442811 0.0061673732 
98.45 0.016548349 -0.0019476761 
98.5 0.016249511 -0.0099747237 
98.55 0.015555608 -0.017718331 
98.6 0.014485542 -0.024990948 
98.65 0.013067302 -0.031617444 
98.7 0.011337234 -0.037439323 
98.75 0.0093391119 -0.042318506 
98.8 0.0071230359 -0.046140604 
98.85 0.0047441748 -0.048817594 
98.9 0.0022613961 -0.050289839 
98.95 -0.00026418946 -0.050527408 
99 -0.0027707308 -0.049530658 
99.05 -0.0051971501 -0.047330076 
99.1 -0.0074846302 -0.043985382 
99.15 -0.0095780387 -0.039583925 
99.2 -0.011427255 -0.034238408 
99.25 -0.012988369 -0.028084009 
99.3 -0.014224721 -0.021274965 
99.35 -0.015107761 -0.013980713 
99.4 -0.015617701 -0.0063816767 
99.45 -0.015743959 0.0013351865 
99.5 -0.015485367 0.0089809794 
99.55 -0.014850156 0.016369481 
99.6 -0.013855704 0.023321673 
99.65 -0.012528071 0.029670073 
99.7 -0.010901316 0.03526276 
99.75 -0.0090166309 0.039967006 
99.8 -0.0069212955 0.043672424 
99.85 -0.0046674961 0.046293548 
99.9 -0.0023110268 0.047771806 
99.95 9.0090561e-05 0.04807681 
100 0.0024770334 0.047206967 
