0 0
1 1.00000000
2 1.03616027
3 1.99958544
4 2.62665716
5 2.94086405
6 2.96899874
7 3.13651759
8 2.13797118
9 2.07827409
10 1.30031147
11 1.87288636
12 0.97385334
13 1.81269752
14 1.45899210
15 2.07432273
16 3.01431927
17 2.96723252
18 3.91561974
19 4.23182948
20 3.26113115
21 4.12123965
22 4.60359843
23 4.79908594
24 4.02673774
25 4.13672277
26 3.21236179
27 3.88442520
28 4.83787311
29 5.83751462
30 6.14085102
31 6.74711903
32 5.81448118
33 5.33008257
34 5.83904557
35 6.82888139
36 7.56143471
37 6.65153659
38 6.51273336
39 5.53111310
40 6.09124685
41 6.64783927
42 6.41367649
43 6.62020725
44 7.13266945
45 7.26437968
46 7.07531061
47 6.29275164
48 5.71940008
49 5.01954881
50 4.13713163
51 5.08125619
52 4.46424202
53 3.87325015
54 3.62634532
55 2.90977397
56 2.97471346
57 3.45914896
58 2.85735669
59 2.58143196
60 2.50704657
61 2.14280979
62 3.02687491
63 3.98828548
64 4.67360148
65 4.65043866
66 4.03018453
67 3.88121383
68 3.65177495
69 4.65058765
70 5.42031670
71 4.55375706
72 5.44377289
73 5.75598249
74 5.31329834
75 6.02115656
76 5.85987998
77 5.31864062
78 5.58588811
79 4.98239125
80 4.73431444
81 3.90082153
82 3.35653175
83 3.12353240
84 2.69412445
85 1.87497888
86 2.33260799
87 2.77138525
88 2.87312937
89 3.47343080
90 4.28352132
91 4.44114016
92 5.29040873
93 6.21233857
94 6.76350185
95 6.94664184
96 7.42421892
97 7.92059069
98 8.33994858
99 9.33050146
100 9.48605014
101 9.13306900
102 9.78538883
103 10.56819544
104 9.77682713
105 10.54485078
106 11.45809994
107 10.45836119
108 9.49999421
109 8.60829362
110 8.93520590
111 7.95796581
112 8.37483417
113 7.39442368
114 7.46536802
115 8.21094793
116 9.16948552
117 9.03853693
118 9.02327290
119 8.35635462
120 7.76483116
121 7.53573552
122 8.52749849
123 7.88941954
124 8.71059626
125 9.70773968
126 8.97183377
127 7.97326065
128 7.87961383
129 7.01354030
130 6.91036766
131 6.40897001
132 7.38519164
133 6.57643828
134 5.57655383
135 4.64133563
136 5.52696555
137 4.55492757
138 5.52857239
139 6.06015928
140 6.57373042
141 5.82092035
142 6.76912440
143 7.73126069
144 6.79931327
145 7.22810898
146 6.32986443
147 6.89311755
148 7.18063324
149 6.19459024
150 6.04771040
151 6.99427405
152 5.99578412
153 6.48468368
154 6.97309796
155 6.12518387
156 6.62876275
157 6.72634458
158 6.04886402
159 7.01645544
160 8.01510484
161 7.44088730
162 8.38204987
163 8.58380316
164 8.41033387
165 9.28833089
166 8.59233101
167 8.77125695
168 9.63884303
169 10.58765207
170 11.56734482
171 10.58528304
172 10.30888537
173 10.49676267
174 11.24976702
175 10.30714442
176 9.86967199
177 10.85223891
178 11.59988539
179 11.44146847
180 11.43562463
181 10.44871813
182 9.48327955
183 10.09279836
184 9.30143383
185 8.39688057
186 7.85380236
187 7.51730185
188 8.43620797
189 9.27446503
190 10.07302142
191 9.40276968
192 10.08249500
193 9.44500903
194 9.17138012
195 8.42709892
196 9.17200572
197 9.32054988
198 8.62921688
199 7.93185755
200 8.38771265
201 9.29674578
202 8.29692882
203 7.68633238
204 7.82939427
205 8.52908321
206 9.39678203
207 8.81786097
208 7.98020676
209 8.88558212
210 8.37017174
211 7.37353959
212 8.29190281
213 7.41461659
214 8.41299950
215 7.54826391
216 8.32458536
217 8.45067477
218 8.99487006
219 9.93413611
220 8.93421634
221 7.93439587
222 8.59482670
223 9.47633872
224 8.84574523
225 7.85488451
226 8.42293549
227 7.62061585
228 7.00714619
229 7.10608287
230 7.39534606
231 7.72579714
232 8.68263097
233 8.62515269
234 8.31334280
235 9.23389428
236 8.24194600
237 9.17352718
238 8.28061789
239 7.29370702
240 7.52714961
241 6.86385209
242 7.36973782
243 6.70338141
244 7.48530616
245 7.49272934
246 6.49858754
247 7.48839748
248 8.32165985
249 9.31915182
250 8.35582847
251 8.59058013
252 7.63356863
253 8.01671583
254 7.93834420
255 7.40441103
256 8.33725764
257 8.68503323
258 7.92661607
259 7.15122689
260 8.14508758
261 7.30507810
262 8.05388865
263 9.02742033
264 8.88914523
265 9.56966325
266 8.57732655
267 7.57970226
268 8.12634632
269 7.93053827
270 7.17805069
271 6.56064457
272 7.49532641
273 8.39149713
274 7.95532657
275 8.88029846
276 9.80951439
277 8.80952618
278 8.97207394
279 9.71621724
280 10.37134573
281 10.17324100
282 11.08605074
283 12.08564693
284 11.78302167
285 12.78281509
286 11.87226167
287 11.68231084
288 10.79808277
289 11.79803493
290 11.07912276
291 10.12534823
292 10.54413052
293 10.04404473
294 9.81367256
295 8.87979211
296 8.09532884
297 7.13022151
298 7.81918152
299 7.18315720
300 8.12326745
301 7.14799496
302 7.83984005
303 7.74168633
304 6.75287174
305 7.18021019
306 6.20961222
307 5.53506086
308 4.64012279
309 3.94302053
310 3.34406481
311 3.51289607
312 4.09487363
313 3.45784253
314 2.55921851
315 2.13068510
316 3.12788088
317 2.12943300
318 2.88687612
319 2.19166285
320 3.09126168
321 3.22245869
322 3.17941158
323 4.01084540
324 3.09931788
325 3.88639955
326 4.72785120
327 3.83122553
328 4.57877078
329 4.91211695
330 5.21184520
331 5.87693946
332 5.12831045
333 5.21804376
334 4.21933295
335 3.24704499
336 2.24808550
337 3.20328387
338 2.25327843
339 3.24055983
340 4.23914341
341 3.44229056
342 4.39350946
343 4.34928783
344 5.01957349
345 6.01715364
346 5.02007289
347 4.95840741
348 4.14309627
349 4.53870922
350 5.24194224
351 5.54924100
352 6.48873666
353 6.09790191
354 5.50991039
355 4.50992695
356 4.24602692
357 5.24269501
358 5.25622752
359 5.69113346
360 6.47913234
361 7.44267706
362 7.73562218
363 8.67052695
364 9.32298211
365 9.59721355
366 10.35099317
367 11.32602663
368 10.91547134
369 11.38478780
370 11.42299383
371 11.13830063
372 12.11827634
373 11.30621969
374 11.56537751
375 11.14767433
376 11.04474502
377 11.04875880
378 10.59875762
379 10.72329761
380 11.44476378
381 12.42923525
382 11.43048267
383 12.38028997
384 11.74807403
385 11.70874611
386 12.70147865
387 12.89784469
388 13.83002336
389 14.42024290
390 13.68456399
391 14.65953873
392 14.83850583
393 13.85504631
394 14.76076226
395 15.75822260
396 14.91243905
397 14.12296596
398 13.49332482
399 14.44697200
400 13.95576122
401 14.85364231
402 13.85457951
403 14.82749672
404 15.80339932
405 16.46946254
406 17.43898843
407 18.38758311
408 18.26926971
409 17.46226358
410 16.79377540
411 16.75977531
412 15.80906897
413 15.78467085
414 14.78997198
415 15.78960999
416 15.67659174
417 16.22550201
418 17.17221296
419 16.21753319
420 16.54745272
421 16.84790736
422 17.66743781
423 16.75526268
424 16.50138775
425 16.74430852
426 16.86496203
427 17.71836255
428 17.64250075
429 16.73575677
430 16.08214732
431 15.46882181
432 15.72509325
433 16.24793407
434 16.04499043
435 17.00136984
436 17.00522278
437 16.23015894
438 17.22557674
439 18.20316915
440 18.09273149
441 18.97505147
442 18.33992621
443 17.80846049
444 17.69687485
445 17.24173537
446 17.13144831
447 18.05274350
448 17.06974200
449 16.48007728
450 15.82869238
451 16.75261546
452 17.18052538
453 16.35815027
454 17.34568103
455 18.26791912
456 17.88859287
457 18.57110291
458 18.36614829
459 18.77866172
460 19.76799540
461 19.60542968
462 20.13252696
463 20.96510798
464 21.09523406
465 20.65027386
466 21.12127944
467 22.09415911
468 21.11442937
469 21.02462163
470 20.70962254
471 20.40817153
472 19.58662598
473 19.26018327
474 19.44487806
475 18.57849165
476 18.04680877
477 17.11051512
478 18.11023638
479 17.21190423
480 18.16209186
481 19.13709769
482 18.92649629
483 18.08701065
484 17.50067655
485 17.59088147
486 18.57839338
487 18.56015744
488 18.32845353
489 17.96798144
490 18.96375890
491 19.96361335
492 20.91578241
493 21.13065608
494 21.65107627
495 22.60025426
496 23.49394320
497 22.61920328
498 21.61992621
499 21.33310557
500 20.37558610
501 19.37577084
502 18.84804774
503 19.80042103
504 20.80041211
505 20.16299878
506 19.51308456
507 19.83211833
508 20.64891166
509 21.36516515
510 21.21111217
511 21.37950378
512 20.42750207
513 20.55414376
514 19.65466217
515 20.64326553
516 20.48068672
517 20.34955288
518 20.67919063
519 19.86626715
520 18.97663524
521 18.06176087
522 18.93521474
523 18.05007586
524 19.04790594
525 19.41655484
526 18.77661620
527 19.45097118
528 19.51579623
529 20.36910993
530 19.41214862
531 18.77956480
532 18.48663969
533 18.47194071
534 18.84443331
535 19.57720846
536 20.57247531
537 21.48007386
538 20.53448476
539 20.04433075
540 20.92611986
541 20.41614588
542 21.29399462
543 21.74601783
544 20.74837004
545 21.67391590
546 22.66826337
547 21.67330998
548 21.93306113
549 22.55916094
550 21.80787232
551 22.79378291
552 21.79589713
553 20.99696886
554 20.89227587
555 20.22727494
556 19.26897106
557 20.26878550
558 19.29900810
559 18.77821284
560 18.25541828
561 18.12897664
562 17.14327922
563 18.06038950
564 18.92117838
565 19.75485868
566 20.51834979
567 19.81940178
568 20.01442523
569 20.05923469
570 19.07469287
571 19.54330222
572 18.69062680
573 19.25005110
574 18.37106550
575 17.45618530
576 17.86942439
577 18.08495193
578 17.63145662
579 16.65792434
580 16.97317031
581 17.61552689
582 16.77501011
583 16.79854147
584 17.67938921
585 17.59797186
586 16.72477710
587 16.16281516
588 16.97396666
589 17.67137326
590 17.63610790
591 16.64720288
592 16.52268173
593 16.40452838
594 15.85471259
595 16.10704747
596 17.09709839
597 17.28987647
598 18.28921214
599 18.25398433
600 17.25840713
601 16.48967605
602 16.22991857
603 17.01960617
604 16.40922834
605 17.24930130
606 17.96296896
607 16.96384483
608 17.81286065
609 18.75062724
610 18.73787950
611 19.63350790
612 20.41418014
613 21.40415053
614 21.95458766
615 22.69639021
616 22.45451816
617 21.51074107
618 20.99553041
619 21.16734462
620 22.00812481
621 21.67145805
622 21.84882860
623 22.63192740
624 23.62229089
625 23.00161880
626 23.72833450
627 23.61717078
628 24.26496445
629 23.39052895
630 24.39051604
631 23.67124488
632 23.95678173
633 24.78342841
634 24.19026748
635 23.71707741
636 24.13539296
637 23.13574984
638 22.75778622
639 23.59004432
640 22.78247797
641 21.90399672
642 21.09588459
643 21.20027354
644 21.27856111
645 21.91226163
646 20.93235347
647 20.78046147
648 21.77458855
649 20.77458964
650 19.85798383
651 18.88463878
652 19.60043919
653 20.57238776
654 21.57192154
655 22.00835164
656 21.98606777
657 22.94465197
658 22.52057815
659 23.46613713
660 23.15788945
661 23.77491696
662 23.40423794
663 22.54036053
664 22.87747784
665 22.91992442
666 23.34787367
667 22.78079377
668 21.89639458
669 20.94249443
670 20.53244917
671 20.19669921
672 21.17698735
673 20.25632662
674 19.39813346
675 19.25736010
676 20.20584100
677 19.90012641
678 20.65730298
679 20.88868967
680 21.12643531
681 22.07648342
682 22.10120309
683 23.08413400
684 22.20163667
685 21.45251456
686 22.40387960
687 21.44658904
688 21.06885170
689 20.52347687
690 20.37654201
691 21.17009978
692 20.65733519
693 21.65337769
694 21.14978931
695 21.25998029
696 22.24547151
697 21.78303266
698 20.84591677
699 21.80050607
700 22.75783024
701 23.72021607
702 23.05811960
703 22.10425973
704 23.08873399
705 23.62844565
706 23.82236911
707 24.53348059
708 25.51637812
709 26.12357083
710 26.12231824
711 25.66488805
712 25.22779765
713 24.90006568
714 25.89585268
715 24.91383870
716 24.94563222
717 25.19285037
718 24.30810030
719 24.56716569
720 24.45660616
721 23.88743944
722 24.21704367
723 23.37401688
724 23.76699233
725 24.35134086
726 25.02802029
727 25.96791185
728 26.53996608
729 26.33196672
730 25.61391980
731 26.61196466
732 27.30944071
733 28.05883165
734 28.98402810
735 29.63775102
736 30.27116726
737 30.31314888
738 29.52978054
739 30.14325164
740 29.48565324
741 29.37711414
742 28.78042293
743 28.62518270
744 29.60124587
745 28.61148587
746 27.96955645
747 28.41690570
748 28.26921307
749 27.62808577
750 28.52354750
751 28.47869941
752 27.54483736
753 26.54740503
754 26.14261498
755 25.43789914
756 24.58857310
757 25.58620945
758 25.01886295
759 25.86236277
760 26.18732198
761 25.42644823
762 25.41625790
763 25.90149872
764 25.06081658
765 24.66727510
766 25.14338483
767 25.25468240
768 25.04599171
769 24.14589988
770 25.13017776
771 25.93393823
772 26.88149765
773 26.69781815
774 26.42664309
775 27.15157828
776 26.51037565
777 26.03480641
778 25.80737764
779 25.11666393
780 25.27112081
781 26.15990875
782 27.03055645
783 26.92126475
784 27.86287261
785 27.62734662
786 28.29500676
787 28.51481476
788 28.46686520
789 27.74547132
790 28.70108931
791 27.73913895
792 26.73965367
793 27.70994929
794 27.51004627
795 28.01724050
796 27.10281422
797 28.05218952
798 29.03340074
799 29.85198846
800 30.62349536
801 30.99450603
802 29.99479094
803 29.14152407
804 29.93326017
805 30.68259960
806 30.86607525
807 31.08570532
808 31.62427993
809 32.52786889
810 33.37895997
811 33.77927524
812 34.49997456
813 35.00391907
814 34.39827738
815 33.88995648
816 34.40563051
817 33.58569768
818 33.74510986
819 34.35197223
820 34.64255169
821 33.65080970
822 33.54727140
823 32.54841375
824 31.89480159
825 31.61561338
826 30.65716459
827 30.66108313
828 31.47723806
829 31.76064730
830 32.12097227
831 33.10664318
832 33.15432911
833 33.60160649
834 32.61420017
835 33.27778614
836 32.84521822
837 32.70043709
838 32.52597162
839 33.26626193
840 34.24105084
841 34.70716585
842 33.71776038
843 32.71935383
844 31.72114866
845 32.64805557
846 31.64843429
847 31.43367648
848 32.32535804
849 32.14993477
850 31.30855329
851 30.55709375
852 30.73630133
853 29.75562482
854 29.71153691
855 30.70649234
856 29.83855003
857 29.89989791
858 29.31574819
859 30.30691568
860 30.98263385
861 31.96196414
862 32.55439468
863 33.46151881
864 34.07093834
865 33.09816558
866 34.09552086
867 34.06557654
868 33.06604206
869 33.76284758
870 33.72805303
871 33.00518067
872 32.57041574
873 33.54926159
874 32.56429496
875 33.04056188
876 34.01480060
877 35.00686974
878 34.35212482
879 35.25195330
880 34.77942812
881 35.56141274
882 35.60838234
883 35.64374162
884 35.05761858
885 36.05618639
886 36.62677538
887 35.80799785
888 36.71766030
889 35.71771387
890 36.29998326
891 35.35020907
892 36.31212651
893 35.64884625
894 34.68723794
895 34.36403368
896 33.98784851
897 33.03179846
898 33.57233187
899 34.16750186
900 35.16351697
901 34.80974785
902 33.84883379
903 33.11011481
904 34.02452797
905 34.81170264
906 33.97711403
907 34.97169168
908 35.97055882
909 36.72501006
910 37.53588221
911 36.65717369
912 36.90615549
913 36.05964625
914 35.15366666
915 34.28536422
916 33.29685878
917 32.37537307
918 32.80137438
919 32.89172840
920 33.13879858
921 32.63674212
922 32.90352852
923 33.34071497
924 33.63748854
925 34.45956148
926 35.45903246
927 36.40933353
928 35.45727020
929 35.07520012
930 36.05031212
931 37.00298918
932 36.28336483
933 37.22042050
934 38.00623380
935 37.01382872
936 36.01552444
937 35.48114821
938 34.75401098
939 33.78154538
940 33.36340426
941 33.14048560
942 32.21206765
943 33.17031476
944 34.15334585
945 35.04385435
946 36.01951250
947 37.01950206
948 37.53325554
949 37.31940644
950 38.29716280
951 37.30173945
952 38.00452018
953 37.08639127
954 37.10307157
955 38.01422893
956 37.89552015
957 38.80435526
958 39.23381374
959 40.09401760
960 40.30901774
961 40.40532279
962 40.18918887
963 40.18530192
964 39.92554804
965 40.66998933
966 39.78277005
967 40.18519665
968 40.46424006
969 40.28391794
970 39.34500129
971 40.26024838
972 39.69012478
973 39.32421086
974 38.33234707
975 38.74268159
976 38.80782893
977 38.45659139
978 37.48392364
979 37.71178706
980 37.71315462
981 37.57905306
982 37.12072082
983 36.13106801
984 37.00656800
985 36.01164309
986 36.99018021
987 37.57326735
988 38.22838472
989 37.29100557
990 36.51750213
991 36.40126156
992 37.40012252
993 36.44212328
994 36.41099342
995 37.05958948
996 37.95874537
997 38.28823069
998 38.64062497
999 39.07590448
1000 39.83021095
