-15.183535095
-15.1833687084
-15.1831304778
-15.1825218635
-15.1820586175
-15.1814685859
-15.180720503
-15.1801141425
-15.1792953051
-15.1784635763
-15.1776153995
-15.1767753055
-15.1759578077
-15.1752045482
-15.1742497612
-15.173661517
-15.1730918484
-15.1726238094
-15.1720592777
-15.1718121359
-15.171643608
-7.82011780743
-7.81558345993
-7.80809576147
-7.79775940503
-7.78472185003
-7.76917388922
-7.75135240602
-7.73152603814
-7.71003248454
-7.68723279945
-7.66353777559
-7.63939731706
-7.61529595786
-7.59174565052
-7.56927573971
-7.54841986243
-7.52969990948
-7.51360737033
-7.50058309586
-7.49099685118
-7.48512847116
-3.3495058146
-3.32954154866
-3.29650814254
-3.25075592028
-3.19275678088
-3.1230895174
-3.04242020734
-2.95154276101
-2.85124450417
-2.74247571488
-2.62626211784
-2.50376754588
-2.37634576492
-2.24562676883
-2.11354261269
-1.98281797029
-1.85668647585
-1.73955243251
-1.63703620864
-1.55591323684
-1.5033239016