0 14.7
100 14.644945
200 14.590102
300 14.53547
400 14.481052
500 14.426848
600 14.37286
700 14.319088
800 14.265533
900 14.212195
1000 14.159074
1100 14.10617
1200 14.053482
1300 14.001011
1400 13.948755
1500 13.896715
1600 13.844889
1700 13.793276
1800 13.741876
1900 13.690687
2000 13.639708
2100 13.588939
2200 13.538376
2300 13.48802
2400 13.437868
2500 13.38792
2600 13.338173
2700 13.288625
2800 13.239276
2900 13.190123
3000 13.141164
3100 13.092398
3200 13.043824
3300 12.995438
3400 12.947239
3500 12.899226
3600 12.851397
3700 12.803749
3800 12.75628
3900 12.70899
4000 12.661875
4100 12.614935
4200 12.568166
4300 12.521568
4400 12.475139
4500 12.428876
4600 12.382778
4700 12.336843
4800 12.29107
4900 12.245456
5000 12.2
5100 12.1547
5200 12.109555
5300 12.064563
5400 12.019721
5500 11.97503
5600 11.930487
5700 11.88609
5800 11.841839
5900 11.797732
6000 11.753766
6100 11.709942
6200 11.666258
6300 11.622712
6400 11.579302
6500 11.536029
6600 11.492891
6700 11.449885
6800 11.407013
6900 11.364271
7000 11.32166
7100 11.279178
7200 11.236824
7300 11.194598
7400 11.152498
7500 11.110523
7600 11.068673
7700 11.026947
7800 10.985344
7900 10.943863
8000 10.902504
8100 10.861265
8200 10.820147
8300 10.779149
8400 10.738269
8500 10.697508
8600 10.656865
8700 10.616339
8800 10.575931
8900 10.535638
9000 10.495462
9100 10.455401
9200 10.415456
9300 10.375625
9400 10.335909
9500 10.296307
9600 10.256819
9700 10.217444
9800 10.178183
9900 10.139035
10000 10.1
10100 10.061077
10200 10.022267
10300 9.9835697
10400 9.944984
10500 9.9065103
10600 9.8681485
10700 9.8298983
10800 9.7917597
10900 9.7537326
11000 9.7158169
11100 9.6780125
11200 9.6403193
11300 9.6027373
11400 9.5652664
11500 9.5279065
11600 9.4906576
11700 9.4535196
11800 9.4164925
11900 9.3795763
12000 9.342771
12100 9.3060764
12200 9.2694926
12300 9.2330196
12400 9.1966574
12500 9.1604058
12600 9.1242649
12700 9.0882347
12800 9.0523152
12900 9.0165063
13000 8.9808079
13100 8.9452202
13200 8.909743
13300 8.8743762
13400 8.83912
13500 8.8039742
13600 8.7689388
13700 8.7340138
13800 8.699199
13900 8.6644945
14000 8.6299002
14100 8.595416
14200 8.5610418
14300 8.5267776
14400 8.4926233
14500 8.4585788
14600 8.4246441
14700 8.3908189
14800 8.3571032
14900 8.323497
15000 8.29
15100 8.2566122
15200 8.2233334
15300 8.1901634
15400 8.1571023
15500 8.1241497
15600 8.0913055
15700 8.0585696
15800 8.0259418
15900 7.9934219
16000 7.9610097
16100 7.928705
16200 7.8965077
16300 7.8644175
16400 7.8324342
16500 7.8005576
16600 7.7687875
16700 7.7371236
16800 7.7055657
16900 7.6741136
17000 7.642767
17100 7.6115256
17200 7.5803892
17300 7.5493576
17400 7.5184304
17500 7.4876073
17600 7.4568882
17700 7.4262727
17800 7.3957605
17900 7.3653513
18000 7.3350448
18100 7.3048408
18200 7.2747389
18300 7.2447388
18400 7.2148401
18500 7.1850427
18600 7.1553461
18700 7.12575
18800 7.0962542
18900 7.0668582
19000 7.0375618
19100 7.0083646
19200 6.9792663
19300 6.9502666
19400 6.9213651
19500 6.8925614
19600 6.8638554
19700 6.8352465
19800 6.8067346
19900 6.7783192
20000 6.75
20100 6.7217767
20200 6.6936489
20300 6.6656164
20400 6.6376787
20500 6.6098356
20600 6.5820868
20700 6.5544318
20800 6.5268704
20900 6.4994022
21000 6.472027
21100 6.4447444
21200 6.4175541
21300 6.3904558
21400 6.3634491
21500 6.3365339
21600 6.3097097
21700 6.2829763
21800 6.2563334
21900 6.2297806
22000 6.2033178
22100 6.1769446
22200 6.1506607
22300 6.1244659
22400 6.0983599
22500 6.0723425
22600 6.0464133
22700 6.0205721
22800 5.9948187
22900 5.9691528
23000 5.9435741
23100 5.9180825
23200 5.8926778
23300 5.8673596
23400 5.8421277
23500 5.816982
23600 5.7919222
23700 5.7669482
23800 5.7420596
23900 5.7172564
24000 5.6925383
24100 5.6679051
24200 5.6433567
24300 5.6188928
24400 5.5945134
24500 5.5702182
24600 5.5460071
24700 5.5218798
24800 5.4978363
24900 5.4738764
25000 5.45
25100 5.4262069
25200 5.4024969
25300 5.37887
25400 5.3553259
25500 5.3318647
25600 5.308486
25700 5.2851899
25800 5.2619762
25900 5.2388448
26000 5.2157956
26100 5.1928284
26200 5.1699431
26300 5.1471397
26400 5.124418
26500 5.101778
26600 5.0792195
26700 5.0567424
26800 5.0343467
26900 5.0120322
27000 4.9897988
27100 4.9676465
27200 4.9455751
27300 4.9235845
27400 4.9016747
27500 4.8798455
27600 4.8580969
27700 4.8364287
27800 4.8148408
27900 4.7933332
28000 4.7719058
28100 4.7505583
28200 4.7292908
28300 4.7081031
28400 4.6869951
28500 4.6659667
28600 4.6450177
28700 4.6241481
28800 4.6033577
28900 4.5826464
29000 4.562014
29100 4.5414605
29200 4.5209856
29300 4.5005892
29400 4.4802713
29500 4.4600315
29600 4.4398698
29700 4.4197859
29800 4.3997798
29900 4.3798512
30000 4.36
30100 4.3402259
30200 4.3205288
30300 4.3009085
30400 4.2813647
30500 4.2618972
30600 4.2425059
30700 4.2231904
30800 4.2039506
30900 4.1847862
31000 4.1656969
31100 4.1466825
31200 4.1277428
31300 4.1088774
31400 4.090086
31500 4.0713685
31600 4.0527244
31700 4.0341536
31800 4.0156556
31900 3.9972302
32000 3.978877
32100 3.9605958
32200 3.9423861
32300 3.9242476
32400 3.90618
32500 3.8881829
32600 3.870256
32700 3.8523988
32800 3.834611
32900 3.8168922
33000 3.7992421
33100 3.7816601
33200 3.764146
33300 3.7466992
33400 3.7293195
33500 3.7120063
33600 3.6947593
33700 3.677578
33800 3.660462
33900 3.6434108
34000 3.626424
34100 3.6095012
34200 3.5926419
34300 3.5758457
34400 3.559112
34500 3.5424406
34600 3.5258309
34700 3.5092824
34800 3.4927947
34900 3.4763674
35000 3.46
35100 3.443692
35200 3.4274431
35300 3.4112526
35400 3.3951203
35500 3.3790456
35600 3.3630282
35700 3.3470675
35800 3.3311632
35900 3.3153149
36000 3.299522
36100 3.2837843
36200 3.2681013
36300 3.2524725
36400 3.2368978
36500 3.2213765
36600 3.2059085
36700 3.1904932
36800 3.1751305
36900 3.1598199
37000 3.1445611
37100 3.1293538
37200 3.1141978
37300 3.0990927
37400 3.0840383
37500 3.0690343
37600 3.0540806
37700 3.0391768
37800 3.0243229
37900 3.0095185
38000 2.9947636
38100 2.9800581
38200 2.9654017
38300 2.9507944
38400 2.9362362
38500 2.9217269
38600 2.9072666
38700 2.8928552
38800 2.8784928
38900 2.8641793
39000 2.8499149
39100 2.8356996
39200 2.8215336
39300 2.8074169
39400 2.7933498
39500 2.7793324
39600 2.765365
39700 2.7514477
39800 2.737581
39900 2.7237649
40000 2.71
40100 2.6962865
40200 2.6826248
40300 2.6690153
40400 2.6554584
40500 2.6419547
40600 2.6285045
40700 2.6151084
40800 2.6017669
40900 2.5884806
41000 2.57525
41100 2.5620758
41200 2.5489587
41300 2.5358991
41400 2.5228979
41500 2.5099556
41600 2.4970731
41700 2.484251
41800 2.4714902
41900 2.4587912
42000 2.446155
42100 2.4335823
42200 2.421074
42300 2.4086307
42400 2.3962534
42500 2.3839428
42600 2.3716998
42700 2.3595251
42800 2.3474197
42900 2.3353842
43000 2.3234196
43100 2.3115265
43200 2.2997059
43300 2.2879583
43400 2.2762846
43500 2.2646855
43600 2.2531616
43700 2.2417136
43800 2.2303421
43900 2.2190477
44000 2.2078308
44100 2.1966921
44200 2.1856318
44300 2.1746503
44400 2.1637478
44500 2.1529247
44600 2.1421811
44700 2.1315169
44800 2.1209321
44900 2.1104265
45000 2.1
45100 2.0896521
45200 2.0793823
45300 2.0691901
45400 2.0590746
45500 2.0490349
45600 2.0390699
45700 2.0291786
45800 2.0193593
45900 2.0096106
46000 1.9999306
46100 1.9903173
46200 1.9807686
46300 1.971282
46400 1.9618549
46500 1.9524842
46600 1.9431668
46700 1.9338993
46800 1.9246778
46900 1.9154983
47000 1.9063564
47100 1.8972474
47200 1.8881662
47300 1.8791074
47400 1.8700651
47500 1.8610332
47600 1.8520051
47700 1.8429736
47800 1.8339312
47900 1.82487
48000 1.8157816
48100 1.8066568
48200 1.7974863
48300 1.78826
48400 1.7789672
48500 1.7695967
48600 1.7601368
48700 1.7505749
48800 1.7408979
48900 1.731092
49000 1.7211427
49100 1.7110346
49200 1.7007518
49300 1.6902774
49400 1.6795939
49500 1.6686826
49600 1.6575242
49700 1.6460985
49800 1.6343842
49900 1.6223591
50000 1.61
